tree
version=v4
num_class=1
num_tree_per_iteration=1
label_index=0
max_feature_idx=8
objective=binary sigmoid:1
feature_names=hour_sin hour_cos dow_sin dow_cos is_weekend is_rush_hour occupancy bikes_available docks_available
feature_infos=[-1:1] [-1:1] [-0.97492791218182362:0.97492791218182362] [-0.90096886790241903:1] [0:1] [0:1] [0:1] [0:54] [0:54]
tree_sizes=3425 3509 3529 3514 3513 3533 3506 3530 3515 3536 3529 3544 3540 3536 3550 3552 3524 3534 3537 3539 3528 3569 3573 3567 3553

Tree=0
num_leaves=31
num_cat=0
split_feature=6 6 6 8 6 1 1 6 8 6 1 6 8 8 8 1 8 8 6 6 8 8 1 0 1 0 2 8 0 1
split_gain=2.21529e+06 132588 104457 21375.4 14939.5 11055.7 10288.1 8437.38 7195.3 6470.15 5659.05 5473.9 5246.6 5211.7 4712.31 4098.36 3661.39 3649.5 4332.54 3643.55 2294.4 2189.54 2136.63 2057.2 2042.26 1686.34 1581.14 1568.09 1527.04 1519.87
threshold=0.14434523809523811 0.067424242424242428 0.25245098039215691 17.500000000000004 0.10582306830907055 0.37940952255126048 0.37940952255126048 0.36899313501144165 27.500000000000004 0.18274582560296851 0.60355339059327384 0.028991596638655467 17.500000000000004 14.500000000000002 23.500000000000004 0.60355339059327384 16.500000000000004 27.500000000000004 0.036375661375661381 0.18808962264150947 23.500000000000004 17.500000000000004 0.25881904510252057 -0.37940952255126059 0.37940952255126048 -0.37940952255126059 1.0000000180025095e-35 30.500000000000004 -1.0000000180025095e-35 0.60355339059327384
decision_type=2 2 2 2 2 2 2 2 2 2 2 2 2 2 2 2 2 2 2 2 2 2 2 2 2 2 2 2 2 2
left_child=1 11 3 10 8 9 14 13 15 20 19 -1 -8 24 21 -3 -17 -13 -19 -2 -5 -6 -10 -14 -4 -12 -11 -16 -7 -20
right_child=2 4 7 5 6 28 12 -9 22 26 25 17 23 -15 27 16 -18 18 29 -21 -22 -23 -24 -25 -26 -27 -28 -29 -30 -31
leaf_value=-1.3843177747155078 -1.5051340035636893 -1.4562983527661164 -1.6356829992757951 -1.5745625345961198 -1.457359428464954 -1.6809449317016503 -1.4954101732624967 -1.7363470535544345 -1.5286738824534907 -1.6760769789552188 -1.5770494058588955 -1.4008370913840149 -1.5844593143938763 -1.7148913010423823 -1.5477671165368829 -1.3855150328078367 -1.5264056796971019 -1.4069004629963213 -1.4623463492600426 -1.5739562501069395 -1.6477758184629128 -1.5098850527065495 -1.6366418192435563 -1.6623744740731758 -1.7022044089786823 -1.670284946353453 -1.6321131950682892 -1.6453827274658539 -1.7281785034824326 -1.5446016989140616
leaf_weight=56538.114588811994 3386.29052734375 18683.025112718344 3491.1688614189625 5033.3073474764824 2899.9541305303574 3377.2299721539021 927.34592959284782 78851.462242990732 1448.4660873264074 4716.0255682468414 759.07493218779564 44376.13117685914 1472.0982953161001 16790.438034549356 3205.8112286180258 522.96036338806152 3911.7303345054388 5201.0245736688375 2904.440659314394 4454.3315485268831 1359.4947545230389 6301.4871063381433 670.63830050826073 1996.1408777236938 1723.1176466345787 1343.2804060429335 3611.4874570965767 472.25757458806038 3468.089327827096 697.52762752771378
leaf_count=97448 12500 54106 20311 24272 8448 22138 3276 588035 5902 30540 3691 88426 7336 119347 14060 911 15795 10877 8697 21436 8177 23749 3912 12481 11892 8572 20801 2822 25402 3023
internal_value=-1.55428 -1.4242 -1.70388 -1.62441 -1.49917 -1.65238 -1.53499 -1.72871 -1.47464 -1.62796 -1.56376 -1.39515 -1.60105 -1.70133 -1.51245 -1.46656 -1.50978 -1.40667 -1.4361 -1.54423 -1.59013 -1.49333 -1.56284 -1.6293 -1.65767 -1.63662 -1.65701 -1.5603 -1.70487 -1.47827
internal_weight=284594 152229 132365 31508.6 42511.9 21565.6 17275.1 100856 25236.8 14720.3 9942.98 109717 4395.59 22004.7 12879.5 23117.7 4434.69 53179.1 8802.99 7840.62 6392.8 9201.44 2119.1 3468.24 5214.29 2102.36 8327.51 3678.07 6845.32 3601.97
internal_count=1278383 361269 917114 177529 152798 131330 72172 739585 80626 83790 46199 208471 23093 151550 49079 70812 16706 111023 22597 33936 32449 32197 9814 19817 32203 12263 51341 16882 47540 11720
is_linear=0
shrinkage=1


Tree=1
num_leaves=31
num_cat=0
split_feature=7 7 7 1 7 1 7 7 1 0 0 0 2 1 1 6 2 7 0 2 2 0 0 7 7 0 2 2 0 0
split_gain=1.62698e+06 81722.9 74251.2 16323.7 12339.7 8404.15 7259.91 4515.32 4347.03 2960.49 2724.86 2657.99 2375.78 1941.33 1842.14 1461.05 1358.55 1238.91 1201.24 1142.06 1070.4 941.78 892.955 888.718 652.426 1043.3 882.535 574.495 637.11 571.924
threshold=3.5000000000000004 6.5000000000000009 1.5000000000000002 0.37940952255126048 2.5000000000000004 0.37940952255126048 4.5000000000000009 8.5000000000000018 0.60355339059327384 -0.37940952255126059 -1.0000000180025095e-35 -1.0000000180025095e-35 1.0000000180025095e-35 0.37940952255126048 0.37940952255126048 1.0000000180025095e-35 1.0000000180025095e-35 4.5000000000000009 0.91597561503675362 1.0000000180025095e-35 -0.60785761079279388 0.60355339059327384 0.91597561503675362 5.5000000000000009 11.500000000000002 0.91597561503675362 1.0000000180025095e-35 1.0000000180025095e-35 0.78656609248549325 0.78656609248549325
decision_type=2 2 2 2 2 2 2 2 2 2 2 2 2 2 2 2 2 2 2 2 2 2 2 2 2 2 2 2 2 2
left_child=2 3 13 6 8 27 19 14 -4 17 -7 -10 23 15 16 -1 -3 -5 -18 -2 -13 -17 -14 -8 25 -9 -27 -6 -29 -12
right_child=1 7 4 9 5 10 12 24 11 -11 29 20 22 -15 -16 21 18 -19 -20 -21 -22 -23 -24 -25 -26 26 -28 28 -30 -31
leaf_value=0.23041640165668986 0.082739711291789086 -0.025140227561711238 0.18522846480147928 0.0577731598751842 0.13608481440310147 0.10349017010057152 0.039014895264450351 -0.049157277533095331 0.16808335757029655 -0.031991526465421076 0.01263554073530327 0.14293562172054619 0.055396100040394115 0.23709625991079283 -0.045721663318270662 0.21179565812274948 -0.0019475509363608573 0.00083516362774135747 0.06314402033660689 0.11674809482956756 0.076291151015140002 0.22726109086922969 0.10261430822503614 0.0043371189858470603 -0.055102249736345622 -0.040735531334846774 0.018575434309632054 0.14708870756234757 0.18193057296054638 0.071402898597139705
leaf_weight=44595.47400483489 5365.218073964119 5308.1233694553375 27191.110652267933 1581.8435612022877 7967.5823611170053 2632.0303137749434 4046.8923654258251 15704.969595059752 3222.9620181322098 6097.448392033577 1608.4919671565294 941.15451683104038 4551.1409908682108 42830.38814471662 5321.5706611871719 26994.211806863546 2918.4049930870533 2412.5896323621273 935.99561965465546 4578.139953404665 1677.5138456225395 15565.4718054533 1284.3809905946255 3400.2906513512135 62014.885191351175 1425.6937983632088 1119.5595561563969 5334.7122365832329 1745.662237405777 557.57267211377621
leaf_count=65605 25223 37850 68312 8589 28431 11745 23390 120115 9966 44074 10062 3300 24853 59707 40062 49853 19566 15829 5289 18967 7704 24820 6033 22082 483078 10710 7315 18088 4929 2836
internal_value=0.112336 -0.0243345 0.208052 0.0430206 0.158098 0.126934 0.0660901 -0.0480196 0.17682 -0.0100725 0.0693082 0.137678 0.0419025 0.228373 -0.022324 0.224086 -0.00873386 0.0233854 0.0138591 0.0983994 0.10025 0.217453 0.0657911 0.0231824 -0.0526563 -0.0443445 -0.0146452 0.145307 0.155682 0.0277679
internal_weight=310931 128067 182864 33317.9 52878.8 19846.1 23226.1 94749.2 33032.7 10091.9 4798.09 5841.63 13282.7 129986 14484.1 87155.2 9162.52 3994.43 3854.4 9943.36 2618.67 42559.7 5835.52 7447.18 80265.1 18250.2 2545.25 15048 7080.37 2166.06
internal_count=1278383 913025 365358 189040 165373 76091 120548 723985 89282 68492 24643 20970 76358 199985 102767 140278 62705 24418 24855 44190 11004 74673 30886 45472 621218 138140 18025 51448 23017 12898
is_linear=0
shrinkage=0.05


Tree=2
num_leaves=31
num_cat=0
split_feature=7 7 7 1 7 1 7 7 1 0 0 0 4 1 7 1 5 4 0 4 0 7 0 4 3 1 1 6 0 4
split_gain=1.23004e+06 75330.8 48632.4 13776.5 8479.1 6118.28 5715.17 4453.67 2960.01 2763.95 2177.66 1869.26 1859.63 1756.48 1401.96 1281.37 932.606 859.697 1133.27 830.059 757.909 657.74 1017.45 777.273 634.827 525.615 505.842 504.307 503.641 465.488
threshold=3.5000000000000004 6.5000000000000009 1.5000000000000002 0.37940952255126048 2.5000000000000004 0.37940952255126048 4.5000000000000009 8.5000000000000018 0.37940952255126048 -1.0000000180025095e-35 -0.37940952255126059 -1.0000000180025095e-35 1.0000000180025095e-35 0.37940952255126048 4.5000000000000009 -0.5 1.0000000180025095e-35 1.0000000180025095e-35 0.91597561503675362 1.0000000180025095e-35 -0.78656609248549303 11.500000000000002 0.91597561503675362 1.0000000180025095e-35 1.0000000180025095e-35 1.0000000180025095e-35 1.0000000180025095e-35 1.0000000180025095e-35 0.60355339059327384 1.0000000180025095e-35
decision_type=2 2 2 2 2 2 2 2 2 2 2 2 2 2 2 2 2 2 2 2 2 2 2 2 2 2 2 2 2 2
left_child=2 3 15 6 8 -6 19 13 28 14 -7 -10 16 17 24 27 -8 18 -3 -2 -17 22 -9 -24 -5 -14 -21 -1 -4 -12
right_child=1 7 4 9 5 10 12 21 11 -11 29 -13 25 -15 -16 20 -18 -19 -20 26 -22 -23 23 -25 -26 -27 -28 -29 -30 -31
leaf_value=0.18865374604171287 0.095960415479566172 -0.0099345130835136637 0.15415629341491591 0.070894972086675154 0.12587213544426817 0.098896192748172518 0.061187333242640356 -0.048388383756021502 0.14561889730702846 -0.036605045678606417 0.018383532063639456 0.099301498569888735 0.017680280207285543 -0.044887889914645596 -0.0054146088124092679 0.18565882155154989 0.028743492194938988 -0.032859933102833104 0.039943088545149046 0.073433552594350929 0.19593371726272585 -0.054482367956597513 0.0040088235078343899 -0.056716928977209917 0.014386342051980604 -0.030663113021936746 0.015202310475753922 0.17865789702568224 0.16868213136396859 0.06232263815534167
leaf_weight=25037.481895819306 7807.9776037037373 5068.867193877697 19124.235371023417 1220.0046663209796 16461.777187213302 2281.6853002160788 6495.1553391367197 15170.413696289062 5026.0281812399626 4880.5910774171352 1843.3019345402718 3848.5337588042021 3117.6155998259783 5153.6835724711418 3081.3830748349428 23860.601183906198 3362.7908533513546 2570.1659056395292 1468.7400204837322 2340.0384601056576 73302.894940152764 59644.578414879739 1769.2528322562575 750.27896267175674 839.15808364748955 685.81191962957382 443.98587572574615 25650.823000699282 8714.8434473276138 896.01138110458851
leaf_count=33596 31314 35060 43963 6185 51448 9109 33477 120115 13411 36630 10869 13948 18942 40062 20669 34252 19232 19026 8619 10465 90752 483078 12018 6007 5008 4707 2411 41385 17960 4665
internal_value=0.0995759 -0.0235745 0.174806 0.0396588 0.136087 0.111135 0.0600351 -0.047236 0.150687 -0.00965597 0.0628162 0.125535 0.0386623 -0.021561 0.0159295 0.190046 0.0501208 -0.00836051 0.00127067 0.0876004 0.193411 -0.0519707 -0.0435015 -0.0140739 0.0478706 0.00896139 0.0641497 0.183596 0.158704 0.0327593
internal_weight=331919 125870 206048 34274.5 58196.4 21482.8 24253.4 91596 36713.6 10021.1 5021 8874.56 13661.4 14261.5 5140.55 147852 9857.95 9107.77 6537.61 10592 97163.5 77334.5 17689.9 2519.53 2059.16 3803.43 2784.02 50688.3 27839.1 2739.31
internal_count=1278383 913025 365358 189040 165373 76091 120548 723985 89282 68492 24643 27359 76358 102767 31862 199985 52709 62705 43679 44190 125004 621218 138140 18025 11193 23649 12876 74981 61923 15534
is_linear=0
shrinkage=0.05


Tree=3
num_leaves=31
num_cat=0
split_feature=7 7 7 7 1 1 0 7 2 1 7 7 0 5 1 0 6 2 7 0 2 7 2 1 1 7 0 7 0 2
split_gain=977310 68881.7 28009.9 13487.8 9712.23 7539.02 3439.78 2853.04 2606.86 2350.18 1701.95 1641.05 1257.69 1221.82 1666.79 1055.87 952.129 937.885 744.01 742.836 887.807 739.478 716.44 688.172 565.247 554.205 474.801 433.813 423.817 416.677
threshold=4.5000000000000009 2.5000000000000004 7.5000000000000009 1.5000000000000002 0.37940952255126048 0.37940952255126048 -1.0000000180025095e-35 3.5000000000000004 1.0000000180025095e-35 0.78656609248549303 10.500000000000002 5.5000000000000009 0.91597561503675362 1.0000000180025095e-35 -0.78656609248549325 -0.37940952255126059 1.0000000180025095e-35 -0.60785761079279388 3.5000000000000004 -1.0000000180025095e-35 -0.60785761079279388 3.5000000000000004 1.0000000180025095e-35 0.60355339059327384 1.0000000180025095e-35 5.5000000000000009 0.78656609248549325 5.5000000000000009 0.60355339059327384 -0.60785761079279388
decision_type=2 2 2 2 2 2 2 2 2 2 2 2 2 2 2 2 2 2 2 2 2 2 2 2 2 2 2 2 2 2
left_child=1 3 5 16 7 8 18 29 11 -5 12 -2 -4 14 -10 25 -1 -14 -6 -11 -21 26 -9 28 -19 -7 -8 -15 -18 -3
right_child=2 4 10 9 6 15 21 22 13 19 -12 -13 17 27 -16 -17 23 24 -20 20 -22 -23 -24 -25 -26 -27 -28 -29 -30 -31
leaf_value=0.1678704451696742 0.033942034668263586 0.097743398015607649 -0.041378089218756381 0.13602191859411752 0.082776951581134725 0.018375471273226474 0.0099628211327930875 0.066872816871169888 0.032943183596548388 0.11709212586123906 -0.053333021568144651 -0.00645535706569101 -0.053589235666597415 0.043388214042562295 0.086945420995440142 -0.043639888221391733 0.15406082468574447 -0.035868295627176215 0.044013765292014728 0.11687046594371966 0.051338219910957841 -0.019502952224132064 0.092253299464001542 0.16785626136056206 0.028613729829057268 -0.023638809921438492 0.062015689599793672 0.0028319944110083237 0.16290911293534338 0.11546288703263125
leaf_weight=82714.479331880808 4235.1784063279629 4438.2258707582951 15613.977529235184 35245.011644735932 2968.7015470117331 1263.9371489435434 1659.4259909689426 5948.1529249548912 2804.0468452274799 2411.7976569235325 62893.76044536382 6184.9860162287951 700.42903157323599 1130.0954722315073 2914.760501652956 5289.1816751211882 36350.570328697562 439.85246054083109 2125.2444679290056 845.23163130879402 1331.9559222310781 1764.6250660568476 5228.6330802291632 21479.069130092859 1493.2027413770556 2070.3308328166604 595.31664104759693 1583.500905290246 21691.309415906668 13257.678448319435
leaf_count=93779 23390 13995 124445 74601 11745 7887 10062 25223 15328 6507 528343 41603 5728 5834 12967 41666 53907 3202 11193 2493 5681 12998 18967 24740 9228 15151 2836 9872 27559 37453
internal_value=0.0897895 0.146098 -0.0346571 0.15771 0.0843231 0.00897621 0.0393205 0.0985273 0.0266899 0.131639 -0.0494323 0.00996347 -0.0359872 0.0473582 0.0604689 -0.0297486 0.164111 -0.00402197 0.0666067 0.0979724 0.0767858 0.00473729 0.0787473 0.160201 0.0139376 -0.00771068 0.0237106 0.0197247 0.157368 0.11102
internal_weight=348673 240055 108617 202069 37986 27476 9113.31 28872.7 18852.6 39834 81141.2 10420.2 18247.5 8432.4 5718.81 8623.45 162235 2633.48 5093.95 4588.99 2177.19 4019.37 11176.8 79520.9 1933.06 3334.27 2254.74 2713.6 58041.9 17695.9
internal_count=1278383 433739 844644 289267 144472 173698 48834 95638 108994 89282 670946 64993 142603 44001 28295 64704 199985 18158 22938 14681 8174 25896 44190 106206 12430 23038 12898 15706 81466 51448
is_linear=0
shrinkage=0.05


Tree=4
num_leaves=31
num_cat=0
split_feature=6 6 6 8 8 6 1 1 1 6 6 6 6 8 0 8 1 0 6 0 6 2 8 8 1 1 8 0 3 8
split_gain=766853 50112.2 33767.6 8927.59 7808.53 7102.75 6898.37 3601.86 3490.98 2635.21 2581.65 1844.3 1837.07 2032.14 1699.99 1449.02 1711.38 1179.84 1169.1 972.277 966.096 936.637 894.687 843.971 807.52 804.106 800.732 716.295 653.423 651.594
threshold=0.18274582560296851 0.091750841750841763 0.32037735849056609 17.500000000000004 19.500000000000004 0.059411764705882358 0.37940952255126048 0.37940952255126048 0.37940952255126048 0.13100686498855837 0.21807065217391305 0.28436657681940708 0.47913043478260875 12.500000000000002 -1.0000000180025095e-35 19.500000000000004 0.37940952255126048 -0.37940952255126059 0.133974358974359 -1.0000000180025095e-35 0.028991596638655467 1.0000000180025095e-35 26.500000000000004 29.500000000000004 0.78656609248549303 0.37940952255126048 33.500000000000007 0.91597561503675362 1.0000000180025095e-35 12.500000000000002
decision_type=2 2 2 2 2 2 2 2 2 2 2 2 2 2 2 2 2 2 2 2 2 2 2 2 2 2 2 2 2 2
left_child=1 5 3 8 18 20 9 10 11 23 -5 -2 13 25 28 -7 -17 -10 -3 -18 -1 -12 -11 -6 -20 -4 -22 -15 -8 -13
right_child=2 4 12 7 6 15 14 -9 17 22 21 29 -14 27 -16 16 19 -19 24 -21 26 -23 -24 -25 -26 -27 -28 -29 -30 -31
leaf_value=0.14843375250442081 0.073842856881590563 0.11692931875331442 0.0061276507706410355 0.034865826712458706 0.096994859980620657 0.14265041621879096 0.061594360954448452 -0.038744263446715992 0.036605651125068417 0.064086465243827759 -0.024887361271695468 0.070323431666612188 -0.052279035296418641 -0.047567167355881873 -0.008674713265097193 0.12231271164980773 0.10980177363833794 -0.019623006500834286 0.098597941641199324 0.071358169637005406 0.14142238832580983 0.0085710012046105507 0.016010507096035433 0.039106985798286892 0.052251350860340919 -0.034667109372725803 0.096188600411565767 -0.019367812079118724 0.017528698044879488 0.011876516338106484
leaf_weight=91856.048749908805 7033.0571360588074 11993.992686569691 3439.7070871517062 5055.9182247444987 12167.525681436062 6006.4336234480143 2061.4655224308372 6480.3698225989938 1608.6458461508155 6574.2870623767376 4782.529391720891 618.30038753151894 52505.677167616785 15335.424276217818 2807.7148122414947 22449.986755430698 3902.2981954365969 2220.5879228636622 8363.7343864291906 2846.350431188941 76251.749576002359 3717.2877186983824 1135.2001961246133 664.5057959407568 1059.796563833952 1861.4919308722019 992.68277923762798 2640.4962001368403 1422.0515565946698 2085.1679232344031
leaf_count=97448 27672 25089 22977 27078 34111 7567 9203 51640 8805 26159 35280 2718 458039 130010 19119 43613 9346 16337 24222 9747 95998 23167 6474 3063 5221 15035 2519 20066 7487 13173
internal_value=0.081991 0.129888 -0.0285969 0.0131231 0.084057 0.140712 0.0660856 -0.00808332 0.0444443 0.0801158 0.00657407 0.0603507 -0.0470954 -0.0354026 0.0202743 0.120277 0.115674 0.00399746 0.106572 0.0935896 0.144966 -0.0102543 0.0570084 0.0939979 0.0933868 -0.00819668 0.140841 -0.0434254 0.0436082 0.0252477
internal_weight=361940 252556 109385 33601.9 48250.3 204306 26832.8 20036.1 13565.8 20541.5 13555.7 9736.53 75782.8 23277.1 6291.23 35205.1 29198.6 3829.23 21417.5 6748.65 169100 8499.82 7709.49 12832 9423.53 5301.2 77244.4 17975.9 3483.52 2703.47
internal_count=1278383 426386 851997 205870 160148 266238 105616 137165 68705 69807 85525 43563 646127 188088 35809 70273 62706 25142 54532 19093 195965 58447 32633 37174 29443 38012 98517 150076 16690 15891
is_linear=0
shrinkage=0.05


Tree=5
num_leaves=31
num_cat=0
split_feature=7 7 7 7 1 1 2 7 7 1 7 7 5 1 1 1 2 1 1 2 2 7 7 1 5 7 3 1 3 5
split_gain=673752 43998.6 26006.6 9246.26 6459.19 6407.96 2332.58 1824.99 1643.26 1637.73 1326.65 1282.99 1020.43 1344.56 814.7 803.496 759.195 702.257 603.848 766.983 537.907 524.544 411.924 396.158 393.798 336.465 328.938 529.984 327.628 277.148
threshold=4.5000000000000009 2.5000000000000004 7.5000000000000009 1.5000000000000002 0.37940952255126048 0.37940952255126048 1.0000000180025095e-35 3.5000000000000004 10.500000000000002 0.60355339059327384 3.5000000000000004 5.5000000000000009 1.0000000180025095e-35 -0.78656609248549325 0.37940952255126048 0.37940952255126048 1.0000000180025095e-35 1.0000000180025095e-35 0.78656609248549303 -1.0000000180025095e-35 -0.60785761079279388 1.0000000180025095e-35 5.5000000000000009 1.0000000180025095e-35 1.0000000180025095e-35 5.5000000000000009 -0.22252093395631442 0.78656609248549303 1.0000000180025095e-35 1.0000000180025095e-35
decision_type=2 2 2 2 2 2 2 2 2 2 2 2 2 2 2 2 2 2 2 2 2 2 2 2 2 2 2 2 2 2
left_child=1 3 5 15 7 6 11 28 14 -5 18 -2 13 -8 16 21 -4 -18 -6 -20 23 -1 29 -9 -22 -14 -12 -28 -3 -7
right_child=2 4 8 9 10 22 12 20 -10 -11 26 -13 25 -15 -16 -17 17 -19 19 -21 24 -23 -24 -25 -26 -27 27 -29 -30 -31
leaf_value=0.13188077601481438 0.028752483858081341 0.095633967421641722 -0.037350202249044277 0.1100423306663752 0.065030189638845604 -0.019795428795623696 0.030412856943127748 0.055288545166744821 -0.052004412845742636 0.08469068213603563 0.02857024695437383 -0.0064422561411232142 0.038017412358858603 0.077342086581874817 -0.048373563241777016 0.13573124853596349 -0.023129445791436685 0.020025771160180766 0.059316135907436056 0.0049359733228754249 0.079295978925096447 0.12532350297715439 -0.036676354270620347 0.0060518491536483447 0.057311732246365321 0.0029481023590280844 0.023848863190079169 -0.024299159507092619 0.082551667138440255 0.022886111633852152
leaf_weight=62837.541156575084 4477.0157352089882 11481.970538452268 6241.9425872191787 37150.4974424541 2945.1872847527266 2644.8481672331691 2969.6244718581438 2657.6403519362211 58146.028555653989 7693.7148189395666 1653.0872435569763 6141.2046238780022 1200.9260278046131 3141.6716177761555 6555.8555269017816 60740.935167014599 3220.7658852189779 1332.5693240836263 1287.9898887574673 1306.1157810389996 5937.1147029399872 59519.121141016483 5246.3057737052441 483.04778395593166 3106.6852836161852 1589.4702491089702 1120.6403066292405 1166.211466781795 8235.5457157194614 444.02978964149952
leaf_count=65651 23446 28840 51497 68451 11684 19781 15548 10448 527141 21135 9321 41623 5833 12924 57097 59807 25367 8507 5727 7230 19763 74564 42481 2395 11479 9792 6530 8205 22571 2698
internal_value=0.0757856 0.117432 -0.0327397 0.126043 0.0700004 0.00855197 0.0242231 0.0807685 -0.0479746 0.105693 0.0337597 0.00839675 0.0431003 0.0545397 -0.0344696 0.131027 -0.0260251 -0.0104985 0.0495351 0.0319392 0.0655528 0.128691 -0.0281469 0.0477178 0.0717453 0.0180438 0.0115786 -0.000702685 0.0901705 -0.0136577
internal_weight=372675 269323 103352 227942 41381.2 27855.1 19519.9 31902 75497.2 44844.2 9479.23 10618.2 8901.69 6111.3 17351.1 183098 10795.3 4553.34 5539.29 2594.11 12184.5 122357 8335.18 3140.69 9043.8 2790.4 3939.94 2286.85 19717.5 3088.88
internal_count=1277536 433801 843735 289608 144193 174126 109166 95496 669609 89586 48697 65069 44097 28472 142468 200022 85371 33874 24641 12957 44085 140215 64960 12843 31242 15625 24056 14735 51411 22479
is_linear=0
shrinkage=0.05


Tree=6
num_leaves=31
num_cat=0
split_feature=7 7 7 7 7 7 7 0 2 0 2 5 0 6 2 2 0 0 0 5 6 0 2 0 2 0 2 0 5 0
split_gain=574345 37590.1 24784.3 8289.07 2724.06 2465.96 1648.72 1209.91 1364.66 1061.03 823.112 790.869 754.489 613.264 585.216 572.949 818.482 1040.31 536.973 526.848 519.234 430.55 399.517 353.392 310.833 309.781 288.35 280.459 721.44 271.58
threshold=4.5000000000000009 2.5000000000000004 7.5000000000000009 1.5000000000000002 3.5000000000000004 5.5000000000000009 10.500000000000002 0.91597561503675362 -0.60785761079279388 0.91597561503675362 -0.60785761079279388 1.0000000180025095e-35 0.37940952255126054 0.028991596638655467 1.0000000180025095e-35 -0.60785761079279388 0.91597561503675362 -0.37940952255126059 0.98296291314453421 1.0000000180025095e-35 0.15047169811320757 0.91597561503675362 -0.60785761079279388 0.98296291314453421 -0.60785761079279388 0.37940952255126054 -0.60785761079279388 -0.37940952255126059 1.0000000180025095e-35 0.60355339059327384
decision_type=2 2 2 2 2 2 2 2 2 2 2 2 2 2 2 2 2 2 2 2 2 2 2 2 2 2 2 2 2 2
left_child=1 3 5 13 23 15 9 12 -9 25 -11 -10 14 -1 -7 29 17 -17 20 -12 -6 27 -20 -3 -25 -4 -23 -5 -29 -2
right_child=2 4 6 21 18 7 -8 8 11 10 19 -13 -14 -15 -16 16 -18 -19 22 -21 -22 26 -24 24 -26 -27 -28 28 -30 -31
leaf_value=0.12238108171568343 0.016774088649568974 0.07289636274495237 -0.034548222344700945 0.098596119507592464 0.032219427765283172 -0.013949465963147856 -0.0514369108873763 -0.039270537679620778 0.065023709559781664 -0.052394397661832771 0.026482224794719664 -0.015365160578024529 -0.030748234147932169 0.11668849326698992 0.0096499799719857692 0.044747997597018141 0.070456017964696763 0.0064059496624431396 0.012822972203253378 -0.037464487654184891 0.052125224857868718 0.0876154185900926 0.10440510105887668 0.048063641802257216 0.1122443090223883 -0.051298929905734751 0.11409625312389518 0.085041657071451171 0.10686569016720596 -0.015877213550745055
leaf_weight=100588.44698998332 2333.8587491586804 25008.489800021052 10627.416882768273 19755.596493810415 4645.2125909328461 5948.9408210963011 55905.049329124391 577.03363735228777 1498.218154758215 652.40817037969828 1492.425523661077 384.29553067684174 3345.3329837322235 89615.410089790821 4703.9411254450679 3659.1310498714447 1226.2664448469877 3425.6899454072118 145.23599421977997 410.5956649184227 11133.191575162113 1307.6935031712055 665.26418671011925 232.62407773733139 1009.782002300024 3731.8767127990723 4876.4376490265131 15829.960229381919 4983.5983987748623 875.60149458050728
leaf_count=97636 13645 73367 91050 36480 20231 43179 527141 4328 6582 5784 9147 2456 25767 102386 29350 17736 4754 20752 700 3184 45439 2537 1771 727 1958 33303 7352 35116 8101 5577
internal_value=0.0704037 0.10727 -0.0319303 0.115062 0.0641675 0.00806827 -0.0472984 -0.00435097 0.02799 -0.0336195 -0.00393221 0.0486106 -0.0100339 0.119699 -0.00352831 0.0258102 0.0327394 0.0262097 0.0483055 0.0126812 0.0462655 0.0961991 0.088004 0.0741909 0.100236 -0.0389023 0.108499 0.0943238 0.0902679 0.00786442
internal_weight=380595 279797 100798 236957 42839.8 27978.3 72819.8 16457.8 2459.55 16914.7 2555.43 1882.51 13998.2 190204 10652.9 11520.5 8311.09 7084.82 16588.9 1903.02 15778.4 46753.3 810.5 26250.9 1242.41 14359.3 6184.13 40569.2 20813.6 3209.46
internal_count=1277536 433801 843735 289608 144193 174126 669609 111662 13366 142468 18115 9038 98296 200022 72529 62464 43242 38488 68141 12331 65670 89586 2471 76052 2685 124353 9889 79697 43217 19222
is_linear=0
shrinkage=0.05


Tree=7
num_leaves=31
num_cat=0
split_feature=7 7 7 7 1 1 0 2 7 7 1 2 0 7 0 0 5 1 2 1 3 2 2 1 0 0 7 1 2 1
split_gain=495713 33125.3 23626.8 7675.38 5609.01 5261.95 2299.74 1797.94 1653.75 1473.42 1357.02 1092.44 1013.53 1002.61 963.348 947.948 795.028 929.481 768.675 731.806 700.753 636.249 531.562 475.549 462.693 436.355 431.392 383.879 381.28 611.612
threshold=4.5000000000000009 2.5000000000000004 7.5000000000000009 1.5000000000000002 0.37940952255126048 0.60355339059327384 -1.0000000180025095e-35 1.0000000180025095e-35 10.500000000000002 3.5000000000000004 0.60355339059327384 -0.60785761079279388 0.91597561503675362 5.5000000000000009 -1.0000000180025095e-35 -1.0000000180025095e-35 1.0000000180025095e-35 -0.78656609248549325 -0.60785761079279388 1.0000000180025095e-35 1.0000000180025095e-35 -0.60785761079279388 1.0000000180025095e-35 1.0000000180025095e-35 0.60355339059327384 -0.60355339059327362 5.5000000000000009 0.1294095225512602 1.0000000180025095e-35 0.1294095225512602
decision_type=2 2 2 2 2 2 2 2 2 2 2 2 2 2 2 2 2 2 2 2 2 2 2 2 2 2 2 2 2 2
left_child=1 3 4 19 7 9 20 13 12 28 -5 -8 27 -2 -12 26 17 -9 -14 24 -7 -16 -11 -20 -1 -22 -6 -4 29 -3
right_child=2 5 8 10 15 6 11 16 -10 22 14 -13 18 -15 21 -17 -18 -19 23 -21 25 -23 -24 -25 -26 -27 -28 -29 -30 -31
leaf_value=0.10544113692883846 0.025457729802824999 0.073433612938278783 -0.029919175850113375 0.092080943377100696 0.0091969398993339124 0.062177416015403844 0.029546682842407381 0.027709669037658469 -0.05088241495231699 0.044698972467296601 0.084651056148121129 -0.0320562169918263 -0.051819677750143928 -0.0054789938473595824 0.077958752005333282 -0.044620054410436323 0.016014626644350213 0.065801256488529525 -0.036582845538008661 0.11388899432513327 0.051163580804612502 0.034188336481780851 0.064257129888841552 0.024697973065332411 0.11243459407308201 -0.00097775233901994225 -0.023718344529179224 -0.046515963246623 0.081373803431072575 0.043099572560450369
leaf_weight=72159.50946469605 4616.5078937262297 10106.595380678773 7091.9344523623586 40045.525064066052 1660.670881010592 2445.824597671628 1085.6463165655732 3044.122123926878 53743.429286390543 7365.4007566645741 4745.1284781545401 2134.1403397470713 627.29998900741339 6051.7268270999193 1312.8891220539808 4014.9077146053314 2847.6801275163889 3381.2449373751879 399.74722728133202 88125.626274421811 673.75880886614323 2260.9505023807287 6583.2176165953279 1519.512419514358 35283.569864690304 991.38563379645348 2484.152950361371 6855.7469230741262 10810.660610303283 1990.3800301551819
leaf_count=81821 23446 25233 61032 68451 10528 9162 5977 15548 527141 28108 10033 14496 5784 41623 3245 34836 15625 12924 3184 83378 2610 7857 21349 9147 34823 5109 19596 63321 25515 6634
internal_value=0.0658 0.0988833 -0.0311299 0.106099 0.00761658 0.059049 0.0203596 0.0219061 -0.0466319 0.0667442 0.088263 -0.0112832 -0.0327817 0.00790802 0.0698827 -0.0273043 0.0380095 0.0477562 -0.00377273 0.11051 0.0451437 0.050271 0.0539304 0.0119304 0.107738 0.0201187 -0.0105294 -0.0380777 0.0745461 0.0684434
internal_weight=386459 288120 98338.7 243933 28101 44187 7330.76 19941.3 70237.7 36856.3 48364.5 3219.79 16494.2 10668.2 8318.97 8159.73 9273.05 6425.37 2546.56 195569 4110.97 3573.84 13948.6 1919.26 107443 1665.14 4144.82 13947.7 22907.6 12097
internal_count=1277536 433801 843735 289608 174126 144193 37354 109166 669609 106839 89586 20473 142468 65069 21135 64960 44097 28472 18115 200022 16881 11102 49457 12331 116644 7719 30124 124353 57382 31867
is_linear=0
shrinkage=0.05


Tree=8
num_leaves=31
num_cat=0
split_feature=6 6 6 8 6 1 1 1 6 8 6 8 8 8 6 0 6 6 0 1 0 2 8 8 6 6 1 6 2 1
split_gain=408425 28338.6 26971.4 5565.29 5016.29 3512.1 2937.45 2123.36 1916.32 2150.83 1865.79 1849.86 1815.19 1401.12 1342.89 1171.16 1024.73 978.864 877.471 856.506 716.588 670.53 610.178 601.547 642.472 523.412 502.551 499.788 476.044 440.184
threshold=0.18274582560296851 0.067424242424242428 0.32037735849056609 17.500000000000004 0.10582306830907055 0.60355339059327384 0.37940952255126048 0.37940952255126048 0.44562647754137119 12.500000000000002 0.21807065217391305 19.500000000000004 22.500000000000004 32.500000000000007 0.133974358974359 -1.0000000180025095e-35 0.028991596638655467 0.28436657681940708 -1.0000000180025095e-35 0.37940952255126048 0.91597561503675362 1.0000000180025095e-35 16.500000000000004 27.500000000000004 0.045983086680761107 0.15047169811320757 0.37940952255126048 0.23166368515205729 -0.60785761079279388 0.37940952255126048
decision_type=2 2 2 2 2 2 2 2 2 2 2 2 2 2 2 2 2 2 2 2 2 2 2 2 2 2 2 2 2 2
left_child=1 16 3 7 13 12 10 17 9 26 -5 -7 25 19 -14 -13 -1 -2 27 -3 -11 -12 -21 -18 -25 -6 -4 -9 -22 -26
right_child=2 4 8 6 5 11 -8 18 -10 20 21 15 14 -15 -16 -17 23 -19 -20 22 28 -23 -24 24 29 -27 -28 -29 -30 -31
leaf_value=0.1055450297526993 0.054525372213235404 0.085662470706112367 0.01673445965096548 0.028732633258114239 0.07620720758329691 0.055787140937059769 -0.036036956545225367 0.054189928259167665 -0.04911904638778631 -0.043743203799619206 -0.021879154900762837 0.026996108885327538 0.059255823561581003 0.022443875246014284 0.024928697474297073 -0.024765810005298219 0.10015710258241349 0.020081271698279144 -0.023632693921178602 0.10393521396601119 -0.051740871710060449 0.0066091649442121207 0.064976291837479189 0.097242517966055361 0.083875223417950895 0.06121857945129653 -0.023073665034016557 0.0043770426951676806 0.0019176882215301465 0.051362828664271165
leaf_weight=105250.87710304558 7928.0677091181278 31817.848029479384 2517.6660953462124 5463.1303273513913 15012.263100728393 2884.7469261586666 5937.2259761616588 835.51085764914751 48371.889520145953 11629.4558577016 4523.764670625329 2498.9794060960412 7911.3065012395382 1026.298167064786 4453.8716334924102 1941.8129540979862 81683.313396289945 2788.9787296578288 1766.0636940747499 1127.0306828916073 560.8171563744545 3800.465122140944 9344.2711502760649 9947.7666635364294 4517.0626946240664 9531.0411315858364 1157.0697333365679 1267.8204144015908 1570.4256643727422 1354.9043488502502
leaf_count=97636 27648 52901 15568 27198 31734 9848 51777 3293 490152 112016 35486 11334 22261 3970 20069 13710 88276 15864 13688 1097 5443 23131 22869 11533 7619 28044 9895 8279 11603 3594
internal_value=0.0618246 0.091857 -0.0252574 0.010683 0.0680833 0.0562392 -0.00663356 0.0340997 -0.0439963 -0.0297835 0.00602817 0.0246135 0.062516 0.0801783 0.0468921 0.00436114 0.102122 0.0455625 0.00234972 0.0815792 -0.0388585 -0.00887216 0.0691709 0.0984278 0.0894978 0.0703871 0.00419837 0.0241683 -0.0122015 0.0763751
internal_weight=390422 290303 100118 34311 87549.5 44234 19724.6 14586.4 65807.3 17435.4 13787.4 7325.54 36908.5 43315.4 12365.2 4440.79 202754 10717 3869.39 42289.1 13760.7 8324.23 10471.3 97503 15819.7 24543.3 3674.74 2103.33 2131.24 5871.97
internal_count=1277536 426495 851041 206364 217837 137000 137592 68772 644677 154525 85815 34892 102108 80837 42330 25044 208658 43512 25260 76867 129062 58617 23966 111022 22746 59778 25463 11572 17046 11213
is_linear=0
shrinkage=0.05


Tree=9
num_leaves=31
num_cat=0
split_feature=7 7 7 7 1 1 0 7 2 1 0 7 0 7 2 1 5 1 0 2 1 7 0 2 1 2 7 7 0 2
split_gain=380903 27895.6 21531.6 6188.11 4634.53 3986.46 1872.97 1661.25 1494.65 1104.87 949.5 933.829 908.128 771.348 703.094 694.445 668.497 771.707 530.412 490.006 431.266 386.76 379.86 590.634 378.349 371.123 343.38 336.477 230.761 224.179
threshold=4.5000000000000009 1.5000000000000002 7.5000000000000009 2.5000000000000004 0.37940952255126048 0.37940952255126048 -0.37940952255126059 10.500000000000002 1.0000000180025095e-35 0.78656609248549303 0.91597561503675362 3.5000000000000004 -1.0000000180025095e-35 5.5000000000000009 -0.60785761079279388 0.37940952255126048 1.0000000180025095e-35 -0.78656609248549325 0.60355339059327384 -1.0000000180025095e-35 1.0000000180025095e-35 5.5000000000000009 -1.0000000180025095e-35 -0.60785761079279388 0.1294095225512602 -0.60785761079279388 1.0000000180025095e-35 3.5000000000000004 0.37940952255126054 1.0000000180025095e-35
decision_type=2 2 2 2 2 2 2 2 2 2 2 2 2 2 2 2 2 2 2 2 2 2 2 2 2 2 2 2 2 2
left_child=1 15 4 9 8 11 27 10 13 -3 24 29 21 -2 -12 18 17 -10 26 -8 -16 -6 -11 -24 28 -13 -1 -7 -4 -5
right_child=2 3 7 5 12 6 19 -9 16 22 14 25 -14 -15 20 -17 -18 -19 -20 -21 -22 -23 23 -25 -26 -27 -28 -29 -30 -31
leaf_value=0.09517668358334283 0.02165493526802556 0.078596600926844729 -0.023257521083080501 0.06006695813470856 0.0092238824909239951 0.056336362147053301 0.020405306901431858 -0.049836034880655695 0.024423085413468659 0.067443681022581581 -0.050902819850830498 0.034088798473672514 -0.043354386598937748 -0.0052322041383322491 -0.035558495663700861 0.10064180718595515 0.013788208001230706 0.05847017147832078 0.098332532477827694 -0.0098397708499248296 0.023461831648322263 -0.022167270924923037 0.070978399193178651 0.023405440520302079 -0.045253301415934165 0.05302822298272885 0.088719985270771948 0.029503412864541157 -0.045116420953712717 0.070094980584247665
leaf_weight=40720.774893403053 4785.0935951024294 44891.611882358789 5218.4835427701473 11828.02974230051 1659.3593029677868 2970.0386229306459 2352.722211830318 49762.894293189049 3137.5571543574333 3127.5324195176363 587.32138631492853 3474.8432712256908 3796.8961223214865 6026.9104758799076 387.32245691120625 66830.017374977469 2913.8861576840281 3546.5698019564152 52637.765770584345 3108.0477612167597 1538.3527046665549 2400.16440384835 1069.2181328982115 1675.1570837050676 6420.3956626057625 10147.985767513514 41830.426046460867 1928.2692661434412 1572.0019279271364 10576.878331765532
leaf_count=40376 23446 74714 46290 28531 10528 9127 12183 527141 15548 6638 5784 12843 34836 41623 3184 59807 15625 12924 50147 18894 9147 19596 2438 5796 63321 31242 49692 8493 14742 22880
internal_value=0.0583236 0.0858823 -0.0296168 0.0638653 0.00685477 0.0506638 0.0233273 -0.0453593 0.019416 0.0759284 -0.0311909 0.0585236 -0.0257769 0.00666693 -0.00301725 0.0964702 0.0337769 0.0424897 0.0944078 0.00319026 0.0115869 -0.00933477 0.0555275 0.0419438 -0.0365497 0.0481979 0.0919051 0.0457751 -0.0283192 0.0648015
internal_weight=392923 299169 93753.2 97150.3 28266.4 46386.8 10359.1 65486.8 20410 50763.5 15723.9 36027.7 7856.42 10812 2513 202019 9598.01 6684.13 135189 5460.77 1925.68 4059.52 5871.91 2744.38 13210.9 13622.8 82551.2 4898.31 6790.49 22404.9
internal_count=1277536 433801 843735 233779 174126 144193 48697 669609 109166 89586 142468 95496 64960 65069 18115 200022 44097 28472 140215 31077 12331 30124 14872 8234 124353 44085 90068 17620 61032 51411
is_linear=0
shrinkage=0.05


Tree=10
num_leaves=31
num_cat=0
split_feature=6 6 6 6 8 1 8 1 6 6 6 8 6 8 4 1 1 5 8 0 6 0 0 6 0 6 8 4 0 8
split_gain=318595 34656.7 12400.8 4439.71 4098.72 4181.1 4000.74 2151.89 1886.09 1417.77 1279.85 1081.87 953.62 1230.68 939.573 913.986 906.277 791.904 726.387 672.807 647.383 634.505 597.12 468.503 468.113 450.756 439.391 411.1 396.143 387.052
threshold=0.21807065217391305 0.091750841750841763 0.36451048951048953 0.056079664570230614 19.500000000000004 0.37940952255126048 14.500000000000002 0.37940952255126048 0.133974358974359 0.18808962264150947 0.133974358974359 19.500000000000004 0.47913043478260875 10.500000000000002 1.0000000180025095e-35 0.37940952255126048 0.60355339059327384 1.0000000180025095e-35 30.500000000000004 -1.0000000180025095e-35 0.028991596638655467 -1.0000000180025095e-35 0.91597561503675362 0.31311274509803927 -0.37940952255126059 0.133974358974359 31.500000000000004 1.0000000180025095e-35 0.12940952255126045 13.500000000000002
decision_type=2 2 2 2 2 2 2 2 2 2 2 2 2 2 2 2 2 2 2 2 2 2 2 2 2 2 2 2 2 2
left_child=1 3 6 20 9 8 15 14 26 25 24 -5 13 -4 17 23 -13 -8 -10 -12 -1 -18 -15 -2 -7 -3 -6 -24 -17 -27
right_child=2 4 12 11 5 10 7 -9 18 -11 19 16 -14 22 -16 28 21 -19 -20 -21 -22 -23 27 -25 -26 29 -28 -29 -30 -31
leaf_value=0.093543918224170325 0.046069801294857743 0.071244889350066093 0.0063794030441248527 0.088074037972863645 0.058241907523116081 0.041280044956391204 0.01229133148350136 -0.039003249735916332 0.033614532063081251 0.037504566813432623 0.0028277245145003258 0.073213144392193133 -0.048769913047521464 -0.044049618409656689 -0.026643092024292204 0.013844032275847632 0.065857340866200653 -0.016539821945580787 -0.020383869660329158 -0.03839700599321165 0.087732689240422823 0.033054082379128914 0.00051945023337648889 0.015092940163859207 0.0081287269800596664 0.077921673578641715 0.015972248807600703 -0.051748206244552897 -0.033229525534769218 0.054072182787143312
leaf_weight=106823.887833938 3950.85635869205 14611.074653863907 1691.2752038016915 10257.208471879363 15440.032394558191 2031.7092944979668 7139.6688292995095 6763.1179468780756 12175.690224245191 5523.3344408720732 2234.5387326478958 30223.47713264823 41586.668800882995 10060.926534794271 3668.814799502492 1227.3205566182733 3490.6572174280882 3573.7308706268668 656.18941678851843 1776.2243088036776 87091.043882191181 2553.8577953130007 1396.4045486524701 1767.2788398116827 2238.5995736867189 2054.727236494422 640.73298078775406 514.7344214618206 702.71454130113125 9939.3256292194128
leaf_count=97414 14073 25066 12429 10962 35945 6853 44689 64357 48202 22308 13304 49290 457459 105017 30073 7689 7145 26520 4266 15329 93503 7952 11088 10052 11978 3886 2756 5412 5940 26986
internal_value=0.0552004 0.0786257 -0.0311392 0.0876059 0.0474784 0.0361781 -0.00453413 -0.0157432 0.04515 0.0605599 0.0048531 0.0737339 -0.0450043 -0.0335425 -0.00480482 0.0264554 0.0696779 0.00267343 0.0308527 -0.0154285 0.0909341 0.0519993 -0.0391826 0.0364972 0.0239031 0.0653459 0.0565581 -0.0135574 -0.00329342 0.0581589
internal_weight=393806 309762 84043.5 240440 69322.2 37193.7 28793.5 21145.3 28912.6 32128.5 8281.07 46525.2 55250 13663.3 14382.2 7648.17 36268 10713.4 12831.9 4010.76 193915 6044.52 11972.1 5718.14 4270.31 26605.1 16080.8 1911.14 1930.04 11994.1
internal_count=1277943 483145 794798 266266 216879 138633 203393 165639 91169 78246 47464 75349 591405 133946 101282 37754 64387 71209 52468 28633 190917 15097 121517 24125 18831 55938 38701 16500 13629 30872
is_linear=0
shrinkage=0.05


Tree=11
num_leaves=31
num_cat=0
split_feature=7 7 7 7 1 1 7 0 2 2 1 0 0 7 0 1 7 2 1 3 1 2 3 0 1 1 0 2 7 2
split_gain=302219 24757.1 19237.3 5011.71 3793.97 2889.21 1663.3 1544.12 1209.42 1009.18 909.656 875.811 854.995 835.043 684.497 661.119 639.19 638.578 635.85 537.774 526.325 447.221 442.435 417.531 411.913 370.266 329.43 347.735 320.495 289.143
threshold=4.5000000000000009 1.5000000000000002 7.5000000000000009 2.5000000000000004 0.37940952255126048 0.60355339059327384 10.500000000000002 -1.0000000180025095e-35 -0.60785761079279388 -0.60785761079279388 0.78656609248549303 -1.0000000180025095e-35 0.91597561503675362 3.5000000000000004 0.91597561503675362 1.0000000180025095e-35 5.5000000000000009 -0.60785761079279388 1.0000000180025095e-35 1.0000000180025095e-35 1.0000000180025095e-35 1.0000000180025095e-35 1.0000000180025095e-35 0.60355339059327384 1.0000000180025095e-35 0.1294095225512602 0.12940952255126045 -0.8783796973249266 5.5000000000000009 1.0000000180025095e-35
decision_type=2 2 2 2 2 2 2 2 2 2 2 2 2 2 2 2 2 2 2 2 2 2 2 2 2 2 2 2 2 2
left_child=1 15 4 10 8 13 12 19 20 -9 -3 22 25 29 16 23 -10 -14 -16 -7 28 -15 -6 -1 -19 -4 -12 -28 -2 -5
right_child=2 3 6 5 11 7 -8 9 14 -11 26 -13 17 21 18 -17 -18 24 -20 -21 -22 -23 -24 -25 -26 -27 27 -29 -30 -31
leaf_value=0.081496803731471723 0.018478772288137196 0.068950893222399931 -0.026739358492655619 0.050050709705815592 0.0060270416340143162 0.049411443778633934 -0.04881147836771868 0.027800741325101963 0.030936214029715976 -0.030705626313800773 0.056097705072996898 -0.042704195080429497 -0.05091688642899387 0.032175827246689659 0.0017309400278063111 0.089356063916841727 0.0077503266267492862 -0.036653343647769461 0.054582902947211437 0.013880337051697925 -0.037550270245636563 0.049323958711716742 -0.027615651147589154 0.087989044661949706 0.021572119358502676 -0.043944353466069945 0.070584425673063389 0.01904313378671172 -0.0086534266652776564 0.060788475760449115
leaf_weight=75617.150382876396 1975.6497581899166 46341.288535565138 6529.3999051600695 13216.97545927763 2254.6411351040006 2669.2895702570677 46158.614796333015 1135.3479804620147 5415.6370788961649 2100.3686331212521 4221.3545227348804 3554.6261919513345 542.92461498826742 8007.8081035912037 720.04718577861786 91264.774065315723 6590.7988557368517 375.94625540822744 2717.8015705049038 1772.7084593623877 947.44998998194933 7246.2751349061728 1724.525502987206 36906.250887736678 1579.1695750579238 6007.0262851938605 424.21332789957523 1433.3520368039608 2423.1105290129781 11953.46201941371
leaf_count=81872 9590 74620 60943 31826 16397 9164 528067 5963 23205 14523 9255 34535 5731 28086 3925 83058 38722 3222 9953 7667 6652 21365 13636 34853 9255 63236 871 4678 17394 25679
internal_value=0.0524202 0.0761761 -0.0283372 0.0558701 0.00573171 0.044215 -0.0441067 0.0160958 0.0167475 -0.0101751 0.066565 -0.0246671 -0.0296615 0.0495554 0.0238427 0.0861924 0.0182092 -0.00294791 0.043515 0.0352335 -0.00374845 0.0403224 -0.00855239 0.0836263 0.0103722 -0.0349841 0.0483748 0.0308195 0.00353168 0.0551505
internal_weight=393828 304311 89517.4 100522 28324.3 48102.2 61193.1 7677.71 20790.5 3235.72 52420.2 7533.79 15034.5 40424.5 15444.3 203788 12006.4 2498.04 3437.85 4442 5346.21 15254.1 3979.17 112523 1955.12 12536.4 6078.92 1857.57 4398.76 25170.4
internal_count=1277943 433480 844463 233697 174009 144273 670454 37317 109441 20486 89424 64568 142387 106956 75805 199783 61927 18208 13878 16831 33636 49451 30033 116725 12477 124179 14804 5549 26984 57505
is_linear=0
shrinkage=0.05


Tree=12
num_leaves=31
num_cat=0
split_feature=7 7 7 7 1 1 7 0 0 1 2 7 0 2 0 7 7 2 3 1 7 3 3 1 2 0 0 1 7 0
split_gain=270299 23807.8 18458.2 4555.93 4111.9 2570.39 1611.69 1386.6 877.392 851.868 772.82 691.093 903.628 677.931 642.318 641.88 621.789 580.579 470.997 467.481 447.183 431.126 418.233 418.164 375.41 374.806 364.628 362.036 303.007 278.844
threshold=4.5000000000000009 1.5000000000000002 8.5000000000000018 2.5000000000000004 0.37940952255126048 0.37940952255126048 6.5000000000000009 -1.0000000180025095e-35 -1.0000000180025095e-35 0.60355339059327384 -0.60785761079279388 11.500000000000002 0.91597561503675362 1.0000000180025095e-35 -1.0000000180025095e-35 1.0000000180025095e-35 3.5000000000000004 -0.60785761079279388 1.0000000180025095e-35 0.60355339059327384 3.5000000000000004 1.0000000180025095e-35 1.0000000180025095e-35 1.0000000180025095e-35 -0.60785761079279388 0.91597561503675362 0.91597561503675362 1.0000000180025095e-35 5.5000000000000009 0.60355339059327384
decision_type=2 2 2 2 2 2 2 2 2 2 2 2 2 2 2 2 2 2 2 2 2 2 2 2 2 2 2 2 2 2
left_child=1 15 4 9 6 16 10 22 18 -3 23 12 -4 -8 -11 -1 -5 -14 28 29 -9 -18 -7 -2 -16 -12 -15 -19 -6 -17
right_child=2 3 11 5 8 7 13 20 -10 14 25 -13 17 26 24 19 21 27 -20 -21 -22 -23 -24 -25 -26 -27 -28 -29 -30 -31
leaf_value=0.084767640047654705 0.009930604343592879 0.0654303570971244 -0.041763467212146771 0.052444393699993298 0.024155753691494967 0.045019350492380809 -0.018502324569513656 0.011321962831062161 -0.043365484123242364 0.06015709780515574 0.023155799644051109 -0.049111210017698061 -0.052732455295538286 9.2099774911272276e-05 0.053454299224433822 0.074749938516956702 0.046579113068345106 -0.038373531942792749 -0.03044981245001907 0.084822578944441229 -0.021195514061948209 0.029029801599450289 0.0188263958238656 -0.032392989346228633 0.02155020790948969 0.044696254536077923 0.033496345714014795 0.01951416865270961 -0.010804978108508549 0.081120207952132678
leaf_weight=102885.76080793142 3389.406686887145 43815.089200675488 11013.826991766691 23662.034209683537 936.0326434597373 3856.6871330738068 4615.9285919889808 2609.0241006314754 4381.7566394209862 5237.6485741734505 9309.5320368409157 40366.33487675339 519.8553317040205 2873.4323302060366 1470.2007380276918 46668.782061457634 8400.7427850067616 338.70256607234478 2085.4092458412051 26703.142110660672 1777.4761444404721 6003.6361488550901 2521.4264550209045 704.87483397126198 2475.7863888889551 2580.03523825109 1141.5226583257318 1331.2811532095075 1833.7672737985849 27269.566088929772
leaf_count=93729 18943 68437 120019 51518 5571 12652 37757 12923 44866 9929 43592 482742 5947 19542 3273 53927 24478 3171 17864 24639 12921 19592 10189 4757 7785 9517 5204 8947 16024 27488
internal_value=0.0499205 0.0721139 -0.0275993 0.0523758 0.00130241 0.0413573 0.0119776 0.0197841 -0.0271441 0.0625277 0.0213791 -0.0458628 -0.0359309 -0.00543303 0.0486782 0.0819893 0.0474577 -0.00659323 -0.0125029 0.0791488 -0.00185365 0.0392653 0.0346659 0.00264231 0.0334394 0.0278308 0.00959136 0.00776892 0.00100837 0.0770996
internal_weight=392779 305357 87421.7 101830 33851.7 48831 24614.7 10764.6 9236.97 52998.7 15983.8 53570 13203.7 8630.88 9183.64 203527 38066.4 2189.84 4855.21 100641 4386.5 14404.4 6378.11 4094.28 3945.99 11889.6 4014.95 1669.98 2769.8 73938.3
internal_count=1277943 433480 844463 233697 223637 144273 139312 48685 84325 89424 76809 620826 138084 62503 20987 199783 95588 18065 39459 106054 25844 44070 22841 23700 11058 53109 24746 12118 21595 81415
is_linear=0
shrinkage=0.05


Tree=13
num_leaves=31
num_cat=0
split_feature=7 7 7 7 7 7 7 0 2 0 0 7 0 2 3 2 0 3 5 5 5 0 0 2 2 0 7 2 3 0
split_gain=242740 23027.6 17671.8 4169.43 2053.84 1146.15 697.887 872.214 654.911 831.138 915.736 638.375 582.127 613.085 558.689 547.264 522.281 365.769 355.928 350.345 330.113 287.113 281.589 279.099 264.312 258.349 248.405 230.326 216.864 191.375
threshold=4.5000000000000009 1.5000000000000002 8.5000000000000018 2.5000000000000004 6.5000000000000009 3.5000000000000004 11.500000000000002 0.91597561503675362 -0.60785761079279388 0.91597561503675362 0.12940952255126045 1.0000000180025095e-35 0.91597561503675362 -0.60785761079279388 1.0000000180025095e-35 -0.60785761079279388 0.37940952255126054 1.0000000180025095e-35 1.0000000180025095e-35 1.0000000180025095e-35 1.0000000180025095e-35 0.78656609248549325 0.78656609248549325 -0.60785761079279388 1.0000000180025095e-35 0.98296291314453421 5.5000000000000009 0.6078576107927941 -0.22252093395631442 -0.37940952255126059
decision_type=2 2 2 2 2 2 2 2 2 2 2 2 2 2 2 2 2 2 2 2 2 2 2 2 2 2 2 2 2 2
left_child=1 11 4 21 8 17 7 -4 22 10 -10 -1 16 -14 25 -9 24 -5 -11 -15 -17 28 26 -23 -6 -7 -2 -16 -3 -30
right_child=2 3 6 5 12 14 -8 15 9 18 -12 -13 13 19 27 20 -18 -19 -20 -21 -22 23 -24 -25 -26 -27 -28 -29 29 -31
leaf_value=0.081047331742123294 0.011516390916004073 0.061102617417921334 -0.04106400289693754 0.049399448829843734 -0.021758329883963166 0.034625134996600568 -0.048626993876786651 -0.052344006500018574 0.018949091586243805 0.05103287916191708 -0.010647117406272277 0.075430948720885405 -0.045110876316439619 0.033404413236622701 0.012608879073143266 0.018282629980765807 -0.039860995767264651 0.038295006990782705 0.0061072137266512134 -0.025667801629841832 -0.037574196866235671 0.051148944450206249 -0.026275811770626586 0.070144777788469365 -0.0033063831212183864 0.069913381845472952 -0.012024776197203877 0.030420334992578631 0.058038481051684222 0.049047109158458585
leaf_weight=102243.30903233588 2668.504322886467 18289.289462834597 10650.633195959032 17766.740718051791 4341.589816942811 10507.16514107585 38770.381431013346 498.07964065670967 9404.0731400772929 2078.2869109511375 3619.2168888226151 100328.9691901952 417.6324892193079 1370.1544588580728 5090.0707250386477 1349.4327577874064 2472.7249356508255 12743.878320157528 559.93944315612316 307.10953941196203 328.86662558466196 2480.4221834093332 1124.8857713192701 8833.7736455947161 3510.929763443768 545.93822364509106 1931.5716968327761 2822.5099189952016 12749.67474463582 11080.04146900773
leaf_count=93729 15122 30254 120019 42303 39052 35929 482742 5947 48991 6768 24852 106054 3966 6341 20933 8947 24018 33911 2749 2255 3171 4305 7821 12376 26974 1270 14728 9927 21032 21457
internal_value=0.0476477 0.0684812 -0.0268717 0.0492206 0.00122678 0.0387612 -0.0452818 -0.0351701 0.0106186 0.0159087 0.0107238 0.0782657 -0.0149448 0.00908492 0.0291078 -0.00632414 -0.0198207 0.0447616 0.0415003 0.0225843 0.00733279 0.0589053 -0.00385239 0.0659812 -0.0135091 0.0363692 0.00163032 0.0189634 0.0570042 0.0538582
internal_weight=390886 305482 85404 102910 33806.6 49476.3 51597.4 12827 21386.5 15661.5 13023.3 202572 12420.1 2094.9 18965.7 2176.38 10325.2 30510.6 2638.23 1677.26 1678.3 53433.2 5724.96 11314.2 7852.52 11053.1 4600.08 7912.58 42119 23829.7
internal_count=1277943 433480 844463 233697 223637 144273 620826 138084 121031 83360 73843 199783 102606 12562 68059 18065 90044 76214 9517 8596 12118 89424 37671 16681 66026 37199 29850 30860 72743 42489
is_linear=0
shrinkage=0.05


Tree=14
num_leaves=31
num_cat=0
split_feature=7 7 7 7 1 1 7 0 0 1 7 0 1 2 0 2 2 0 7 3 7 1 3 7 5 3 1 0 7 0
split_gain=218659 22436.8 16917.9 3843.05 3671.22 2262.34 1285.23 1199.16 822.15 816.554 704.261 841.147 680.996 599.563 598.044 575.107 516.021 515.073 493.325 401.297 377.058 373.496 332.75 330.753 318.672 318.234 301.249 281.161 245.481 242.383
threshold=4.5000000000000009 1.5000000000000002 8.5000000000000018 2.5000000000000004 0.37940952255126048 0.37940952255126048 6.5000000000000009 -1.0000000180025095e-35 0.12940952255126045 0.37940952255126048 11.500000000000002 0.91597561503675362 0.37940952255126048 -0.60785761079279388 -0.37940952255126059 1.0000000180025095e-35 -0.60785761079279388 0.60355339059327384 3.5000000000000004 -0.22252093395631442 3.5000000000000004 1.0000000180025095e-35 1.0000000180025095e-35 1.0000000180025095e-35 1.0000000180025095e-35 1.0000000180025095e-35 1.0000000180025095e-35 0.91597561503675362 5.5000000000000009 -0.91597561503675329
decision_type=2 2 2 2 2 2 2 2 2 2 2 2 2 2 2 2 2 2 2 2 2 2 2 2 2 2 2 2 2 2
left_child=1 12 4 9 6 18 13 22 19 -3 11 -4 17 21 -11 -8 -13 23 29 28 -9 -2 -7 -1 -15 -20 -18 -17 -6 -5
right_child=2 3 10 5 8 7 15 20 -10 14 -12 16 -14 24 -16 27 26 -19 25 -21 -22 -23 -24 -25 -26 -27 -28 -29 -30 -31
leaf_value=0.07369829645778958 0.0095191429362916705 0.059101147048745188 -0.040365284683299453 0.03615661787264618 0.022371124442502409 0.038978456719216556 -0.01699486450380085 0.0082378739074141557 -0.046030183738047237 0.056334668345709438 -0.048146629789200986 -0.051966112580467953 0.079106147477670627 0.030463124357005225 0.034927930133401418 0.00055266261141403506 -0.036779221755952274 0.07678071842168023 0.04097051979871863 -0.026177161683751671 -0.021396798478384611 -0.03100825404023444 0.015954442624607521 0.067372363479353478 0.013161091222621499 0.026080168656414673 0.017145408290111432 0.029580648314155411 -0.010932305511957265 0.048843404436590909
leaf_weight=40237.491137042642 3403.313436858356 40630.254422217607 10302.145548865199 4668.1187853366137 848.47153341770172 4008.0742692798376 4475.8229592368007 2692.9761141240597 3306.2647098824382 6036.6388709545135 37238.227454513311 477.1472487077117 65766.290094539523 8254.5802275836468 7106.5545384287834 2854.9518549963832 319.42046395689249 52439.771977439523 8680.6328399479389 3250.9946339502931 1784.4701965153217 682.37822829186916 2580.8509189784527 42602.181979686022 3929.6380281075835 6122.5064201503992 1366.5420496165752 1178.6562069356441 1590.1596284732223 19566.115855976939
leaf_count=40264 18943 61955 120019 10774 5171 12652 37757 12923 35916 10401 482742 5947 59564 33725 17068 19542 3171 50135 24478 28840 12921 4757 10189 49820 19384 19592 8947 5204 14398 40744
internal_value=0.0455524 0.0651818 -0.0261477 0.0463128 0.00115759 0.0363492 0.0110901 0.0163933 -0.026201 0.0555963 -0.0447027 -0.0344137 0.074931 0.0193253 0.0447607 -0.00465495 -0.00606541 0.0729012 0.0420062 -0.0146767 -0.00357202 0.00274858 0.0299612 0.0704452 0.0248835 0.0348125 0.00692437 0.00903666 0.00065333 0.0464
internal_weight=388402 304923 83478.7 103877 33775.2 50103.7 24779.3 11066.4 8995.89 53773.4 49703.5 12465.3 201046 16269.9 13143.2 8509.43 2163.11 135279 39037.4 5689.63 4477.45 4085.69 6588.93 82839.7 12184.2 14803.1 1685.96 4033.61 2438.63 24234.2
internal_count=1277943 433480 844463 233697 223637 144273 139312 48685 84325 89424 620826 138084 199783 76809 27469 62503 18065 140219 95588 48409 25844 23700 22841 90084 53109 44070 12118 24746 19569 51518
is_linear=0
shrinkage=0.05


Tree=15
num_leaves=31
num_cat=0
split_feature=7 7 7 7 1 1 1 7 4 7 1 5 4 1 6 3 1 1 1 7 1 3 1 3 4 1 4 1 3 6
split_gain=197692 28723.4 7982.91 6061.55 2364.61 2185.3 1497.75 1046.35 803.889 730.467 707.193 638.495 635.461 633.355 541.889 530.256 482.8 441.669 509.704 374.809 308.761 307.75 457.837 302.374 287.944 236.187 208.576 196.834 169.623 168.407
threshold=5.5000000000000009 1.5000000000000002 8.5000000000000018 3.5000000000000004 0.37940952255126048 0.37940952255126048 0.78656609248549303 2.5000000000000004 1.0000000180025095e-35 11.500000000000002 0.37940952255126048 1.0000000180025095e-35 1.0000000180025095e-35 -0.78656609248549325 1.0000000180025095e-35 -0.22252093395631442 1.0000000180025095e-35 0.37940952255126048 0.25881904510252057 2.5000000000000004 0.1294095225512602 -0.22252093395631442 0.78656609248549303 0.81174490092936691 1.0000000180025095e-35 1.0000000180025095e-35 1.0000000180025095e-35 0.1294095225512602 1.0000000180025095e-35 0.028991596638655467
decision_type=2 2 2 2 2 2 2 2 2 2 2 2 2 2 2 2 2 2 2 2 2 2 2 2 2 2 2 2 2 2
left_child=1 10 5 6 12 8 7 27 11 17 14 13 23 -2 -1 -8 -14 18 26 -17 -9 -6 -23 -5 -20 -10 -4 -3 -7 -12
right_child=2 3 9 4 21 28 15 20 25 -11 29 -13 16 -15 -16 19 -18 -19 24 -21 -22 22 -24 -25 -26 -27 -28 -29 -30 -31
leaf_value=0.072971003083519587 0.0018337835855043239 0.056285332165055282 -0.025703896996455096 0.037256186197202966 0.0089046913513710826 -0.02527309066390919 0.042129743010893797 0.04513667320000881 -0.01195827491156275 -0.047923768364789926 0.078572087637181168 -0.0083309702110451207 0.021619233991822501 0.030139515074581194 0.066605706313293281 0.027402303805242265 -0.016909499994587605 -0.046312474621525941 0.021801479064750488 -0.001284168710643902 0.032513973847802351 0.0046346160616745164 -0.028554666103262134 0.020977083721600301 -0.054502335909142066 -0.045243115818967707 -0.045243599549099858 0.048656880848284061 -0.042134833058758162 0.073470488571189804
leaf_weight=67519.216920688748 3706.3775593414903 36452.842346355319 4918.8339068368077 14919.176401689649 3133.4876970201731 3208.265418022871 4176.4143648296595 21755.227358713746 3090.7792481258512 35719.194727346301 34471.241815850139 3652.0400373786688 5225.146934658289 4234.4716507121921 66351.370740935206 3565.146487057209 962.70308365672827 4422.8544716984034 742.13011997938156 1672.4850475043058 6238.6450606733561 2092.0455868691206 2063.9477341175079 3529.3375402092934 148.23081436008215 644.19576942920685 1892.6396634578705 11034.488705098629 2792.5024062842131 30663.850418403745
leaf_count=65552 23567 55266 52935 46314 17962 32275 11008 45194 24594 482235 29835 25413 20001 19706 74700 8898 4843 55558 4732 7871 17647 12755 15750 12954 1934 5979 22984 19361 30015 29773
internal_value=0.0435753 0.0603431 -0.0329828 0.0406625 0.0220895 -0.00754258 0.047647 0.0499925 0.00247113 -0.0443238 0.0718961 0.00897085 0.0294914 0.0169287 0.0698162 0.02884 0.015624 -0.0337178 -0.026484 0.0182413 0.0423239 -0.00292586 -0.0118469 0.0341423 0.00908781 -0.0177015 -0.0311345 0.0545129 -0.0331212 0.0761706
internal_weight=384999 315827 69172.5 116821 31925.8 21328.6 84895.2 75481.2 15327.9 47843.9 199006 11592.9 24636.4 7940.85 133871 9414.05 6187.85 12124.7 7701.83 5237.63 27993.9 7289.48 4155.99 18448.5 890.361 3734.98 6811.47 47487.3 6000.77 65135.1
internal_count=1277611 495684 781927 295824 130579 161549 165245 137468 99259 620378 199860 68686 84112 43273 140252 27777 24844 138143 82585 16769 62841 46467 28505 59268 6666 30573 75919 74627 62290 59608
is_linear=0
shrinkage=0.05


Tree=16
num_leaves=31
num_cat=0
split_feature=7 7 7 1 7 1 0 7 0 7 0 1 1 2 0 2 2 1 2 0 0 2 5 7 5 0 6 0 6 6
split_gain=179233 21394 15650.8 3156.8 3118.28 1956.43 1156.19 1094.92 763.704 737.151 787.226 734.801 710.122 557.188 515.174 511.546 506.921 551.71 475.712 424.41 412.537 380.857 379.895 359.785 253.645 253.597 247.339 246.52 239.196 220.352
threshold=4.5000000000000009 1.5000000000000002 8.5000000000000018 0.37940952255126048 2.5000000000000004 0.60355339059327384 0.12940952255126045 6.5000000000000009 -1.0000000180025095e-35 11.500000000000002 0.91597561503675362 0.37940952255126048 -0.5 1.0000000180025095e-35 -0.37940952255126059 -0.60785761079279388 1.0000000180025095e-35 0.1294095225512602 1.0000000180025095e-35 -0.78656609248549303 0.91597561503675362 -0.60785761079279388 1.0000000180025095e-35 5.5000000000000009 1.0000000180025095e-35 -0.60355339059327362 1.0000000180025095e-35 0.60355339059327384 0.028991596638655467 1.0000000180025095e-35
decision_type=2 2 2 2 2 2 2 2 2 2 2 2 2 2 2 2 2 2 2 2 2 2 2 2 2 2 2 2 2 2
left_child=1 12 3 7 11 16 25 13 23 10 -4 27 26 -2 -13 -9 17 -6 -12 28 -18 -8 -17 -5 -15 -7 -1 -3 -14 -21
right_child=2 4 9 8 5 6 21 15 -10 -11 18 14 19 24 -16 22 20 -19 -20 29 -22 -23 -24 -25 -26 -27 -28 -29 -30 -31
leaf_value=0.06816659827540883 0.0087153399661772553 0.050280283661767122 -0.039017659930364296 0.0074010147437272543 0.0349448264295509 0.03691838218623883 0.0081154673548217687 -0.026318291986060689 -0.041063555131076408 -0.047455732716653737 -0.029882324148191391 0.050106111514707834 0.070462120094794342 0.032854844238989628 0.030324956041448105 0.01061905561855679 0.03898088136897318 0.014133191400200452 0.017463104912212715 0.075331619678076889 0.057612464100904294 -0.03366185752257167 -0.015367524607245926 -0.021545772118045495 0.013297202104685955 0.014477673271490528 0.062133715197758177 0.058672284744097393 0.061790629731274888 0.070543959291453309
leaf_weight=32850.464828491211 8609.7816173732281 27926.644804388285 9668.7706708014011 1662.7190873622894 18701.671388745308 1910.162884041667 832.28233917057514 2044.9287567213178 3980.2123924344778 34303.829301677644 1025.9467432498932 6062.19972024858 16845.652585849166 5604.7850672900677 7208.0611020922661 4425.5282077044249 16778.515211313963 3839.2879613190889 1098.4465109184384 49740.724363818765 3612.7425747513771 1582.1740533486009 2061.3237239941955 3027.5441070273519 2355.8082015216351 3696.9901683479548 35314.599712044001 12768.98645158112 15116.61457490921 46707.573406636715
leaf_count=33556 45525 43957 120056 10449 46920 5925 4401 19026 45003 482235 10725 10400 16547 20091 17077 27465 39891 12854 7362 44313 6983 10971 16335 29124 10940 16053 41451 17983 17694 46299
internal_value=0.0417943 0.0594367 -0.0248031 0.00105517 0.0412055 0.0323341 0.00966714 0.0100395 -0.0249548 -0.043748 -0.0329623 0.0495815 0.0691674 0.0175325 0.0393622 -0.00451303 0.0365691 0.0314004 -0.0053997 0.0713576 0.0422824 -0.0192591 0.00236043 -0.011283 0.0270679 0.0221239 0.0650413 0.0529137 0.0663613 0.0730132
internal_weight=381365 301495 79869.6 33772.6 104920 50953.8 8021.61 25102.2 8670.48 46097 11793.2 53965.9 196576 16570.4 13270.3 8531.78 42932.2 22541 2124.39 128411 20391.3 2414.46 6486.85 4690.26 7960.59 5607.15 68165.1 40695.6 31962.3 96448.3
internal_count=1277611 433275 844336 223958 233415 143998 37350 139382 84576 620378 138143 89417 199860 76556 27477 62826 106648 59774 18087 124853 46874 15372 43800 39573 31031 21978 75007 61940 34241 90612
is_linear=0
shrinkage=0.05


Tree=17
num_leaves=31
num_cat=0
split_feature=7 7 7 7 1 1 1 0 7 0 2 7 0 6 2 2 5 1 2 1 1 0 0 1 0 1 2 0 0 0
split_gain=162884 27004.3 7461.96 5123.34 1881.81 1881.01 1253.98 947.328 831.878 801.266 849.041 743.209 758.03 713.815 672.235 545.099 516.653 550.097 456.557 448.431 319.388 299.689 293.534 276.358 252.059 227.651 202.037 189.315 182.696 172.868
threshold=5.5000000000000009 1.5000000000000002 8.5000000000000018 3.5000000000000004 0.37940952255126048 0.37940952255126048 0.60355339059327384 0.12940952255126045 2.5000000000000004 -1.0000000180025095e-35 -0.60785761079279388 11.500000000000002 0.91597561503675362 0.028991596638655467 -0.60785761079279388 1.0000000180025095e-35 1.0000000180025095e-35 -0.78656609248549325 -0.60785761079279388 0.60355339059327384 -0.5 0.12940952255126045 0.60355339059327384 1.0000000180025095e-35 0.91597561503675362 1.0000000180025095e-35 1.0000000180025095e-35 -0.37940952255126059 0.60355339059327384 0.78656609248549325
decision_type=2 2 2 2 2 2 2 2 2 2 2 2 2 2 2 2 2 2 2 2 2 2 2 2 2 2 2 2 2 2
left_child=1 13 4 6 14 15 8 27 -3 -8 -11 12 -4 20 25 -5 17 -16 -14 22 -1 -6 -15 -20 -17 -2 -10 -7 -18 -9
right_child=2 3 11 5 21 7 9 29 26 10 -12 -13 18 19 16 24 28 -19 23 -21 -22 -23 -24 -25 -26 -27 -28 -29 -30 -31
leaf_value=0.065580141840318254 -0.011035098529924604 0.04968072678385875 -0.038317941060164729 0.01887397749612164 -0.022645550908198434 0.015560776183985825 0.039456837344978749 -0.038314150989179341 0.034393592223259925 0.039576006186449547 0.0011690047057535751 -0.046988647490402123 -0.05107783646480997 0.058994468965161639 0.00089157990444419389 0.029870607877685248 0.0013063356728948167 0.027034114055999526 -0.036405048065487965 0.069426041096665489 0.071571328376582338 -0.046299676067259099 0.06575265011297908 0.016138050757032448 0.047682559726874359 -0.044357857394856148 0.043097514305007217 -0.0058477620643668472 -0.021653007811300078 -0.0080156985259830435
leaf_weight=33272.863309592009 3038.7029552161694 44363.696977064013 9360.9351640716195 13194.333704866469 3550.1249393597245 3517.0637698471546 8271.5622142404318 1630.5950446650386 14085.69854439795 2305.68130838871 3828.4415404200554 32947.023962214589 430.99381227046251 43800.543657362461 3749.4594487249851 9509.1304022818804 2183.8088884949684 4344.0651921778917 305.67821559309959 23885.861915335059 67416.509890273213 2151.7716327756643 25429.647069349885 1377.3837850317359 2512.72758898139 616.68014287948608 12684.243080332875 1461.3775664865971 1435.8538063243032 662.57460708916187
leaf_count=34603 24594 68324 120056 48585 35685 16535 18574 14907 31703 6247 14870 482235 5985 52375 23567 29255 14911 19706 3203 23341 62753 26605 26788 8899 6272 5979 25527 10027 10502 4998
internal_value=0.040135 0.0551902 -0.0315479 0.0363354 -0.00704212 0.0194315 0.0427555 -0.00297208 0.04548 0.0293016 0.0156066 -0.0431715 -0.0322108 0.0666727 0.00205915 0.0258922 0.00790119 0.0149239 -0.0051658 0.0635162 0.0695917 -0.0315736 0.061477 0.00659059 0.0335943 -0.0166592 0.0385181 0.00927549 -0.00780018 -0.0295628
internal_weight=377325 311833 65492.5 118027 21070.5 32487.8 85539.3 7271.61 71133.6 14405.7 6134.12 44422 11475 193805 15368.6 25216.2 11713.2 8093.52 2114.06 93116.1 100689 5701.9 69230.2 1683.06 12021.9 3655.38 26769.9 4978.44 3619.66 2293.17
internal_count=1277611 495684 781927 295824 161549 130579 165245 46467 125554 39691 21117 620378 138143 199860 99259 84112 68686 43273 18087 102504 97356 62290 79163 12102 35527 30573 57230 26562 25413 19905
is_linear=0
shrinkage=0.05


Tree=18
num_leaves=31
num_cat=0
split_feature=7 7 7 7 1 1 7 7 6 1 2 1 2 1 3 2 2 1 1 7 1 1 1 1 7 3 3 3 3 1
split_gain=148227 20481.1 14228.9 2715.28 2636.38 1596.42 902.958 747.912 722.321 628.743 526.402 481.724 466.925 444.651 444.123 441.559 425.009 739.248 353.235 350.736 327.164 313.515 264.471 259.3 228.265 197.004 195.43 176.993 173.996 163.866
threshold=4.5000000000000009 1.5000000000000002 8.5000000000000018 2.5000000000000004 0.37940952255126048 0.60355339059327384 6.5000000000000009 11.500000000000002 0.028991596638655467 0.37940952255126048 1.0000000180025095e-35 0.37940952255126048 -0.60785761079279388 0.60355339059327384 -0.22252093395631442 1.0000000180025095e-35 -0.60785761079279388 -0.12940952255126037 1.0000000180025095e-35 5.5000000000000009 0.78656609248549303 -0.5 1.0000000180025095e-35 1.0000000180025095e-35 3.5000000000000004 0.81174490092936691 -0.56174490092936669 -0.22252093395631442 1.0000000180025095e-35 0.91597561503675351
decision_type=2 2 2 2 2 2 2 2 2 2 2 2 2 2 2 2 2 2 2 2 2 2 2 2 2 2 2 2 2 2
left_child=1 8 4 9 6 16 12 10 21 -3 -4 18 22 -10 -7 26 17 -5 -12 27 -16 -1 -2 -17 -18 -14 -8 -6 -21 -11
right_child=2 3 7 5 19 14 15 -9 13 29 11 -13 25 -15 20 23 24 -19 -20 28 -22 -23 -24 -25 -26 -27 -28 -29 -30 -31
leaf_value=0.063338321612156245 0.0064063194768976374 0.04787750960491062 -0.041071088017727631 0.031960902268079731 0.0054524009667764684 0.021447738986874992 0.0028822985262934868 -0.046521581152963377 0.059144098670365179 0.038690121458041835 -0.020207077623288511 -0.040440850487905834 0.023363395024957254 0.067122452493361962 0.015854551077197011 -0.0014025358965906491 0.03870762341561354 0.0029012332402051817 0.014484865429756372 -0.022604673685199909 -0.012254338743742155 0.069324811452041918 -0.028352577508721583 0.025288640334995741 0.030093617374674104 0.0077101104596008141 -0.021661592170462873 -0.019998956358609796 -0.040359212592926935 0.026123892851488535
leaf_weight=32741.51559895277 3447.1690776124597 40618.445008099079 6266.2508280724287 8048.375206798315 1197.9947363659739 3591.6199258491397 1078.5914046764374 31646.92571850121 68384.602178946137 9842.5090352445841 2023.683700568974 1727.5689770281315 10244.248456463218 23480.608203113079 1617.1441617980599 2812.9729907661676 20087.495040670037 3006.4194685518742 1150.8424318656325 2995.0960444658995 2875.9371107965708 66153.15699467063 650.40942760556936 1344.6749470457435 12478.85731895268 2502.1449065953493 3265.0813946574926 1588.3014710694551 2563.1560914367437 3528.3328741341829
leaf_count=34603 18917 61940 81619 20031 8635 14436 8398 482235 79163 18946 24385 23954 40749 23341 6782 19022 41485 10048 8185 32275 16132 62753 4710 6052 35084 12180 29354 13651 30015 8531
internal_value=0.0385813 0.0545942 -0.0234678 0.0369384 0.000840693 0.0287489 0.00886643 -0.0425954 0.0643768 0.0447813 -0.0314693 -0.0191938 0.0155711 0.0611835 0.00834047 -0.00441724 0.0325313 0.0240585 -0.00762877 -0.0235355 -0.00213618 0.067343 0.000887256 0.00722918 0.0354071 0.0202911 -0.0155659 -0.0090543 -0.0307936 0.0353747
internal_weight=372960 296455 76505.1 105695 33689.8 51705.8 25345.3 42815.3 190760 53989.3 11168.3 4902.1 16844 91865.2 8084.7 8501.32 43621.1 11054.8 3174.53 8344.55 4493.08 98894.7 4097.58 4157.65 32566.4 12746.4 4343.67 2786.3 5558.25 13370.8
internal_count=1277611 433275 844336 233415 223958 143998 139382 620378 199860 89417 138143 56524 76556 102504 37350 62826 106648 30079 32570 84576 22914 97356 23627 25074 76569 52929 37752 22286 62290 27477
is_linear=0
shrinkage=0.05


Tree=19
num_leaves=31
num_cat=0
split_feature=7 7 7 7 1 1 1 0 7 6 0 2 7 7 2 1 0 0 2 1 0 1 0 0 3 3 0 1 0 1
split_gain=135082 25569.1 6961.25 4304.28 1614.25 1530.12 1094.25 867.161 752.86 732.946 716.775 559.406 541.287 526.124 449.174 443.33 430.768 524.728 420.103 414.527 356.57 311.159 303.022 301.713 286.501 270.321 256.373 243.49 232.43 213.56
threshold=5.5000000000000009 1.5000000000000002 8.5000000000000018 3.5000000000000004 0.37940952255126048 0.37940952255126048 0.1294095225512602 0.12940952255126045 11.500000000000002 0.028991596638655467 0.91597561503675362 -0.60785761079279388 2.5000000000000004 2.5000000000000004 1.0000000180025095e-35 0.78656609248549303 0.91597561503675362 0.37940952255126054 -0.60785761079279388 1.0000000180025095e-35 0.60355339059327384 0.37940952255126048 0.12940952255126045 -0.37940952255126059 1.0000000180025095e-35 1.0000000180025095e-35 0.60355339059327384 1.0000000180025095e-35 0.98296291314453421 1.0000000180025095e-35
decision_type=2 2 2 2 2 2 2 2 2 2 2 2 2 2 2 2 2 2 2 2 2 2 2 2 2 2 2 2 2 2
left_child=1 9 4 6 11 14 12 24 10 21 -4 29 26 23 25 20 17 -13 -12 -18 -11 -1 -6 -8 -7 -5 -3 -20 -16 -2
right_child=2 3 8 5 22 7 13 -9 -10 15 18 16 -14 -15 28 -17 19 -19 27 -21 -22 -23 -24 -25 -26 -27 -28 -29 -30 -31
leaf_value=0.063281533376223664 -0.010206294162576943 0.043369354571066561 -0.03695956816798128 0.023868601552094155 -0.020910136306309016 0.018342869647560569 0.042179477758889521 -0.028851632145951323 -0.046053640443033499 0.054656319079943332 -0.050449274481521346 0.0067229435959398108 0.036209254902739199 0.020778566218814493 0.027868673275344914 0.066351536353947901 -0.01811082336117447 -0.026345206507521736 -0.035000874707269737 0.031218798204475446 0.06184728420037397 0.069308629428840834 -0.04537164117284468 0.02906806215829616 -0.0060437125622381021 0.0096651126170767977 0.052559916968993328 0.015354964585907705 0.05351753598735997 -0.043246877387023229
leaf_weight=64973.119968086481 2993.1799322068691 25516.488792404532 8799.8708862289786 6577.8119045197964 3404.3631812334061 2994.4993597865105 8414.2204854339361 2246.4943402782083 30401.681638009846 46187.96605655551 398.50236808508635 7302.290019467473 22312.810882151127 9588.2477541267872 11319.216407686472 16779.321838110685 510.31290071457624 1435.3534020408988 290.08928679674864 2568.3674006313086 27548.941790357232 32008.154997140169 2017.1439859494567 9180.8046023249626 2014.1741412356496 6830.0922428891063 10815.608352586627 1388.7704857736826 958.62797167897224 584.71137324720621
leaf_count=67521 24594 40170 120056 22647 35685 14146 14187 19905 482235 56229 5985 44648 45194 30634 33467 16624 3509 10729 3203 9800 29651 29835 26605 19964 12416 25938 15096 8899 2060 5979
internal_value=0.0371181 0.0507517 -0.030126 0.0325995 -0.00655046 0.0172348 0.0384965 -0.00304083 -0.0420142 0.06225 -0.0307234 0.00171233 0.0423404 0.0302032 0.022962 0.0590131 0.00695741 0.00128995 -0.00430334 0.0230401 0.0573431 0.0652709 -0.030013 0.0353386 0.00853519 0.0166337 0.0461055 0.00664946 0.0298721 -0.0156084
internal_weight=368361 306267 62094.6 118769 20815.7 32940.9 85828.2 7255.17 41278.9 187498 10877.2 15394.2 58644.9 27183.3 25685.7 90516.2 11816.3 8737.64 2077.36 3078.68 73736.9 96981.3 5421.51 17595 5008.67 13407.9 36332.1 1678.86 12277.8 3577.89
internal_count=1277611 495684 781927 295824 161549 130579 165245 46467 620378 199860 138143 99259 100460 64785 84112 102504 68686 55377 18087 13309 85880 97356 62290 34151 26562 48585 55266 12102 35527 30573
is_linear=0
shrinkage=0.05


Tree=20
num_leaves=31
num_cat=0
split_feature=6 6 6 6 8 8 1 6 1 8 1 2 8 8 6 8 1 6 6 1 5 8 6 1 1 6 1 8 3 2
split_gain=114452 23085.7 8149.32 2683.54 2146.63 1503.79 1357.97 1156.69 1156.26 991.416 748.57 625.405 542.863 542.467 516.075 690.206 510.804 456.668 421.997 386.824 383.508 337.077 326.868 312.368 265.483 262.535 234.294 220.554 211.334 174.886
threshold=0.21807065217391305 0.067424242424242428 0.40192307692307699 0.13840996168582378 14.500000000000002 18.500000000000004 0.37940952255126048 0.028991596638655467 0.37940952255126048 31.500000000000004 0.1294095225512602 1.0000000180025095e-35 13.500000000000002 27.500000000000004 0.50471698113207564 11.500000000000002 0.60355339059327384 0.040408163265306128 0.28062500000000007 0.60355339059327384 1.0000000180025095e-35 30.500000000000004 0.1012820512820513 -0.70710678118654757 0.25881904510252057 0.31311274509803927 0.91597561503675351 13.500000000000002 -0.22252093395631442 1.0000000180025095e-35
decision_type=2 2 2 2 2 2 2 2 2 2 2 2 2 2 2 2 2 2 2 2 2 2 2 2 2 2 2 2 2 2
left_child=1 7 4 9 16 27 11 23 21 10 22 18 -12 19 15 -4 25 -15 -6 -9 -13 -7 -3 -1 -11 -2 -19 -5 -10 -17
right_child=2 3 14 5 6 8 -8 13 28 24 12 20 -14 17 -16 29 -18 26 -20 -21 -22 -23 -24 -25 -26 -27 -28 -29 -30 -31
leaf_value=0.058062664579741796 0.026623577438856384 0.04397027905409772 -0.0065721887989520821 0.042522658920149517 -0.0054097853193089511 0.018014869830204547 -0.034386353778497074 0.05516457431835145 0.00021747453333807029 0.01263947168583158 0.056545631385133521 0.011285190273880991 0.02735555198342924 0.05423154502884478 -0.04436243806167306 -0.045565655909438764 -0.011150198788067523 0.039486242109454471 -0.028719400659301782 0.06330372860978066 -0.013652862120506221 -0.020082886273303169 0.035702607953569457 0.064904157555128586 -0.028002463064524759 0.0082845624547029425 0.00089027348054744018 0.027936710015870753 -0.022182563808116274 -0.02888720500542984
leaf_weight=21627.334968656301 4771.2481863126159 28277.327884107828 2268.9422147683799 3294.8788839578629 4147.1312813460827 15238.568063691258 6083.4160792827606 57374.502406805754 1831.9280835539103 1392.1400801390409 1721.9939266443253 5240.2075210474432 21293.72840500623 9298.7637907117605 25832.880658175796 3778.846910379827 1683.9580840840936 6182.1398011147976 3652.2231949269772 19604.185097664595 2184.0365001223981 603.38499636203051 20735.772653758526 73420.627016887069 564.72351781278849 3303.9840572699904 420.19928023219109 12184.516440592706 2474.7952376976609 2696.5393885299563
leaf_count=24144 15834 43533 22850 6480 29991 53649 77685 68025 11923 4310 2144 31089 51563 11201 421464 59445 14616 10274 42270 20171 17669 4093 40283 73293 3082 21314 1205 33829 19899 40080
internal_value=0.0356488 0.0488326 -0.0241092 0.0305964 -0.005523 0.0193222 -0.0144182 0.0594693 0.0103181 0.0360254 0.0369794 -0.00643832 0.02954 0.0555004 -0.040808 -0.0303063 0.0138971 0.0470901 -0.0163259 0.0572375 0.00394825 0.0165634 0.0404727 0.0633476 0.00090739 0.019121 0.0370306 0.031042 -0.0126534 -0.0386216
internal_weight=363185 297542 65643.4 109614 31066.2 35628.1 21307 187928 20148.7 73985.7 72028.8 15223.6 23015.7 92879.8 34577.2 8744.33 9759.19 15901.1 7799.35 76978.7 7424.24 15842 49013.1 95048 1956.86 8075.23 6602.34 15479.4 4306.72 6475.39
internal_count=1277408 483101 794307 274788 250468 129873 198704 208313 89564 144915 137523 121019 53707 110876 543839 122375 51764 22680 72261 88196 48758 57742 83816 97437 7392 37148 11479 40309 31822 99525
is_linear=0
shrinkage=0.05


Tree=21
num_leaves=31
num_cat=0
split_feature=7 7 7 7 1 1 0 7 0 7 0 7 1 1 2 0 3 3 0 1 2 0 3 1 3 2 0 0 0 0
split_gain=112875 19538.3 11938.5 2210.34 1923.52 1204.15 874.059 760.541 727.876 723.766 753.921 718.831 548.981 527.451 478.36 453.173 365.118 326.94 321.814 294.687 272.392 270.882 263.678 243.413 241.545 234.85 332.344 219.616 214.178 209.743
threshold=4.5000000000000009 1.5000000000000002 8.5000000000000018 2.5000000000000004 0.37940952255126048 0.37940952255126048 -1.0000000180025095e-35 1.0000000180025095e-35 -1.0000000180025095e-35 12.500000000000002 0.91597561503675362 6.5000000000000009 0.37940952255126048 0.60355339059327384 -0.60785761079279388 -0.37940952255126059 1.0000000180025095e-35 1.0000000180025095e-35 0.60355339059327384 0.37940952255126048 1.0000000180025095e-35 -0.91597561503675329 1.0000000180025095e-35 1.0000000180025095e-35 1.0000000180025095e-35 1.0000000180025095e-35 -0.25881904510252113 0.60355339059327384 0.91597561503675362 0.98296291314453421
decision_type=2 2 2 2 2 2 2 2 2 2 2 2 2 2 2 2 2 2 2 2 2 2 2 2 2 2 2 2 2 2
left_child=1 7 4 12 11 16 24 19 17 10 25 22 27 18 -12 -14 29 -6 -9 -1 -13 -18 -2 -16 -7 -4 -27 -3 -22 -5
right_child=2 3 9 5 8 6 -8 13 -10 -11 14 20 15 -15 23 -17 21 -19 -20 -21 28 -23 -24 -25 -26 26 -28 -29 -30 -31
leaf_value=0.059690212170802295 0.018239946579992828 0.038957020779399387 -0.043146615954493373 0.030863846838438472 0.0034991198657008519 0.028304183691663931 -0.0072260395165390946 0.050286074760599014 -0.038400859408816754 -0.045547391118995396 -0.049639855097633502 -0.014063151246621953 0.039774529619609769 0.061614955653821739 -0.033021231218995716 0.021330505546549298 0.0092621502161729322 -0.024150590150460286 0.057473678245659771 0.065828553879071702 -0.0036033970844137654 0.025500418114694525 0.0057406987464884741 0.014009549425424759 0.0092335802522062142 -0.014318156561638635 -0.041579429626083818 0.046950023816164775 0.021021335465952709 0.050218447746066146
leaf_weight=60792.879756197333 9591.1045929715037 27481.61459235847 6104.2263749204576 22541.847139835358 2602.3077769204974 4287.6647793054581 4553.4630437791348 42615.252087771893 3494.4279580041766 25526.704092841595 490.97385895624757 4228.6855424419045 6142.209824860096 23543.413051500916 333.76005855575204 7280.0931524336338 3151.9405139088631 1814.2205445319414 24580.333702757955 28879.687480688095 2869.1096398979425 13897.635328367352 7536.285136282444 1562.7390241250396 2711.4227470457554 2219.0064410045743 2254.9478314071894 12523.156898453832 1275.3666715323925 1493.6397619694471
leaf_count=65627 40883 43780 93040 50669 21609 12735 25979 53681 45079 438352 8018 37685 10446 24690 4144 16987 8616 17871 27647 28181 19660 33452 35655 11622 10307 31313 33686 17983 5286 2725
internal_value=0.0343306 0.0483888 -0.0216792 0.0313586 0.000188605 0.0240864 0.00982411 0.0584009 -0.0213503 -0.0406605 -0.0310387 0.00687081 0.0385232 0.0551728 -0.00565706 0.0297713 0.0280966 -0.00785798 0.0529155 0.0616672 -0.00513503 0.0224988 0.0127405 0.00572878 0.0209172 -0.0367667 -0.02806 0.0414594 0.00397341 0.032067
internal_weight=358380 286476 71903.9 106065 33411.5 52637.6 11552.6 180412 7910.96 38492.4 12965.7 25500.6 53427.1 90739 2387.47 13422.3 41085.1 4416.53 67195.6 89672.6 8373.16 17049.6 17127.4 1896.5 6999.09 10578.2 4473.95 40004.8 4144.48 24035.5
internal_count=1277408 433505 843903 233679 223728 144483 49021 199826 84559 620175 181823 139169 89196 106018 23784 27433 95462 39480 81328 93808 62631 42068 76538 15766 23042 158039 64999 61763 24946 53394
is_linear=0
shrinkage=0.05


Tree=22
num_leaves=31
num_cat=0
split_feature=7 7 7 7 1 1 6 7 7 2 1 1 1 1 3 1 7 7 2 2 5 2 5 6 2 3 3 3 1 1
split_gain=103182 19161.4 11382.7 2063.09 1759.47 1078.55 777.972 726.606 643.856 639.665 516.216 470.642 375.302 390.815 326.461 317.704 278.816 274.772 260.189 251.515 235.404 234.593 214.865 195.516 191.762 173.177 160.369 149.9 238.243 140.768
threshold=4.5000000000000009 1.5000000000000002 8.5000000000000018 2.5000000000000004 0.37940952255126048 0.37940952255126048 0.028991596638655467 12.500000000000002 6.5000000000000009 1.0000000180025095e-35 0.37940952255126048 0.60355339059327384 0.37940952255126048 1.0000000180025095e-35 1.0000000180025095e-35 -0.70710678118654757 5.5000000000000009 3.5000000000000004 -0.60785761079279388 1.0000000180025095e-35 1.0000000180025095e-35 -1.0000000180025095e-35 1.0000000180025095e-35 0.087595907928388769 0.6078576107927941 1.0000000180025095e-35 1.0000000180025095e-35 -0.22252093395631442 0.91597561503675351 0.37940952255126048
decision_type=2 2 2 2 2 2 2 2 2 2 2 2 2 2 2 2 2 2 2 2 2 2 2 2 2 2 2 2 2 2
left_child=1 6 4 10 8 14 15 9 19 -4 -3 -8 13 -11 -5 -1 -6 23 -10 25 -21 -16 -20 -7 -14 -2 -18 -12 -29 -17
right_child=2 3 7 5 16 17 11 -9 18 12 27 -13 24 -15 21 29 26 -19 22 20 -22 -23 -24 -25 -26 -27 -28 28 -30 -31
leaf_value=0.054454592293564731 0.013538178959048195 0.039590393529699945 -0.040434249992179538 0.030313040848536706 -0.0076192009407615377 -0.027681513948865824 0.051098855456012532 -0.04508504051144252 -0.021210743572684581 -0.020632487743806494 0.034291299849348408 0.059622089714952912 -0.012834102890675153 0.013354227698055743 0.012329571062331214 0.059571783857239394 -0.019481510809159247 -0.00039728483222464849 0.0059709063343520545 0.02365680792060287 0.0052460787634652298 0.025112104282896831 -0.013808321636381352 0.017010258832581015 -0.046083460529806913 -0.00045158507085194801 -0.037326596692592119 0.028842121213002937 0.0086084145846595361 0.06411207229610924
leaf_weight=20772.344780147076 4192.5398514196277 39803.892427399755 6982.9443425312638 24151.796845793724 2685.3421981930733 253.60921241343021 64217.366513550282 24524.515980098397 1890.9933054968715 2329.9850488603115 5826.5383674502373 21679.303043320775 642.02159933000803 1327.6272667497396 5125.5896257758141 40325.689413040876 2792.1636096425354 4477.752341799438 4460.2636761590838 5905.0833165645599 2460.5256450995803 11993.066815599799 1983.5961476415396 6854.3676556050777 1339.6901673078537 4681.5009844601154 2296.3191400766373 5648.7849545627832 1960.6618479937315 29749.685688406229
leaf_count=24144 20726 61763 107223 53394 22264 1067 79037 438352 19064 32268 11201 23352 9984 10695 13983 43450 32406 24166 27327 20038 11040 28085 16240 23788 21653 24734 29889 11108 5124 29843
internal_value=0.0330902 0.0465795 -0.0210311 0.0297821 0.000173665 0.0227842 0.0566625 -0.0400677 0.00650577 -0.0303186 0.0367295 0.0532501 -0.0177913 -0.00829471 0.0265685 0.0598888 -0.020657 0.00930311 -0.00490352 0.0120221 0.0182425 0.0212852 -0.000117024 0.0154146 -0.0353153 0.00615739 -0.0275362 0.0282536 0.0236295 0.0614995
internal_weight=353336 282840 70495.1 106096 33348.3 52856.2 176744 37146.8 25574.5 12622.3 53239.9 85896.7 5639.32 3657.61 41270.5 90847.7 7773.82 11585.7 8334.85 17239.6 8365.61 17118.7 6443.86 7107.98 1981.71 8874.04 5088.48 13436 7609.45 70075.4
internal_count=1277408 433505 843903 233679 223728 144483 199826 620175 139169 181823 89196 102389 74600 42963 95462 97437 84559 49021 62631 76538 31078 42068 43567 24855 31637 45460 62295 27433 16232 73293
is_linear=0
shrinkage=0.05


Tree=23
num_leaves=31
num_cat=0
split_feature=7 7 7 7 1 1 1 7 0 7 1 0 2 7 2 3 0 0 5 1 5 1 2 3 1 0 0 3 3 0
split_gain=94413.5 23239.4 5896.78 3098.71 1358.06 978.238 877.632 785.962 764.591 632.467 527.59 517.333 563.161 505.371 493.199 486.656 332.236 330.914 316.628 296.985 283.406 424.709 269.936 245.687 244.552 226.031 380.404 1645.31 217.608 205.3
threshold=5.5000000000000009 1.5000000000000002 9.5000000000000018 3.5000000000000004 0.37940952255126048 0.37940952255126048 0.78656609248549303 1.0000000180025095e-35 0.12940952255126045 2.5000000000000004 0.60355339059327384 0.91597561503675362 1.0000000180025095e-35 17.500000000000004 1.0000000180025095e-35 -0.22252093395631442 0.60355339059327384 0.12940952255126045 1.0000000180025095e-35 0.37940952255126048 1.0000000180025095e-35 -0.78656609248549325 1.0000000180025095e-35 -0.56174490092936669 1.0000000180025095e-35 -0.25881904510252113 -0.37940952255126059 -0.56174490092936669 -0.22252093395631442 0.60355339059327384
decision_type=2 2 2 2 2 2 2 2 2 2 2 2 2 2 2 2 2 2 2 2 2 2 2 2 2 2 2 2 2 2
left_child=1 7 4 6 14 18 9 19 28 -3 16 25 -13 24 23 -8 -9 -6 22 29 21 -16 -5 -2 -14 26 -4 -28 -7 -1
right_child=2 3 11 5 17 8 15 10 -10 -11 -12 12 13 -15 20 -17 -18 -19 -20 -21 -22 -23 -24 -25 -26 -27 27 -29 -30 -31
leaf_value=0.053949934466656718 0.0044144808011355851 0.036822886207331172 -0.042221272983233804 0.015666937123122476 -0.019923489048262098 0.018757628512385296 0.02965863087632924 0.046695634772666958 -0.027931227874209891 0.027432058347040728 0.058290575595079754 -0.041877782099427684 -0.032023089099061035 -0.042444617818595057 -0.0029977435566006824 0.007253120712782485 0.054127434059595775 -0.043865465585622772 0.010464582643577164 0.062723841634505159 -0.0075795602400298692 0.023250887100426249 0.02821719224053152 -0.014733438030328075 0.020736283889734863 -0.048297296424357733 0.068414692297613197 -0.049342731489087105 -0.0021279375302858945 0.060007091502828458
leaf_weight=34571.694782853127 2235.5428484901786 46487.880006119609 11716.415827658027 8601.9478762447834 3864.8696978352964 2366.2644376605749 4393.1230354756117 41324.392848700285 2144.9391135498881 29199.372848242521 22486.705456420779 2475.6820988208055 272.44355730339885 664.4045438580215 2635.861665725708 5407.4876772761345 23674.682128876448 2304.8647975809872 9308.1053134649992 27393.705341532826 2482.5408430919051 3709.0367762446404 8542.6928205341101 6679.2226436845958 1130.5386740006506 14539.359625656158 418.97282459959388 1015.0156450122595 2636.0637991726398 23564.765554711223
leaf_count=40398 16960 74458 210130 29599 46425 10813 10945 53681 19864 63092 24690 42636 4257 12331 16941 16889 27647 34847 31792 28181 18331 15665 22853 59963 12719 264861 6843 18615 15753 25229
internal_value=0.0319059 0.0433196 -0.0274762 0.0263205 -0.00866261 0.0134552 0.031377 0.0550202 -0.00295714 0.0332001 0.0516873 -0.0414329 -0.0257909 -0.00652342 -0.00163557 0.0172971 0.0494027 -0.028869 0.0178899 0.0584291 0.00674157 0.0123458 0.0219208 -0.00993119 0.0104859 -0.043999 -0.039246 -0.0149313 0.00775079 0.0564053
internal_weight=348249 292104 56144.8 119088 23911.9 33600 85487.9 173016 7147.27 75687.3 87485.8 32232.8 4543.07 2067.39 17742.2 9800.61 64999.1 6169.73 26452.7 85530.2 8827.44 6344.9 17144.6 8914.77 1402.98 27689.8 13150.4 1433.99 5002.33 58136.5
internal_count=1277408 495884 781524 296058 209132 130674 165384 199826 46430 137550 106018 572392 71943 29307 127860 27834 81328 81272 84244 93808 50937 32606 52452 76923 16976 500449 235588 25458 26566 65627
is_linear=0
shrinkage=0.05


Tree=24
num_leaves=31
num_cat=0
split_feature=7 7 7 7 1 1 6 7 0 0 7 1 1 2 2 0 0 0 7 1 2 0 2 0 7 2 1 1 0 6
split_gain=86540.4 18369.2 10331.3 1800.29 1472.19 924.653 803.67 734.207 685.923 683.254 534.083 470.414 463.072 436.07 425.555 397.162 392.706 354.346 335.944 319.802 237.344 328.054 223.621 210.666 210.657 207.929 251.257 200.173 196.91 190.152
threshold=4.5000000000000009 1.5000000000000002 8.5000000000000018 2.5000000000000004 0.37940952255126048 0.78656609248549303 0.028991596638655467 12.500000000000002 0.91597561503675362 -1.0000000180025095e-35 6.5000000000000009 0.60355339059327384 0.37940952255126048 0.6078576107927941 -0.60785761079279388 -0.37940952255126059 -0.37940952255126059 0.60355339059327384 3.5000000000000004 0.37940952255126048 1.0000000180025095e-35 -0.25881904510252113 -0.60785761079279388 0.60355339059327384 6.5000000000000009 -0.60785761079279388 1.0000000180025095e-35 1.0000000180025095e-35 0.60355339059327384 0.15047169811320757
decision_type=2 2 2 2 2 2 2 2 2 2 2 2 2 2 2 2 2 2 2 2 2 2 2 2 2 2 2 2 2 2
left_child=1 6 4 12 10 18 19 8 20 24 25 17 23 -7 -10 -14 -15 -8 -5 28 -4 -22 -12 -3 -6 26 -2 -16 -1 -20
right_child=2 3 7 5 9 13 11 -9 14 -11 22 -13 15 16 27 -17 -18 -19 29 -21 21 -23 -24 -25 -26 -27 -28 -29 -30 -31
leaf_value=0.052342951880069932 0.0063910065493578945 0.033735310424018845 -0.041557772831852011 0.025992386790671132 0.0021740553947612903 0.0087249077783282617 0.044895865889863301 -0.044172776622542542 -0.048783351085450649 -0.03668897069467391 -0.019998882093806129 0.056474705239734628 0.034863670176879545 0.016593201413421087 -0.030928968838934829 0.017604863115586924 -0.043395213536504343 0.05274534084779689 0.0095025637179727163 0.06121286079290901 -0.011814476107424334 -0.039945535362957668 -0.00022664914228214735 0.041634046653504377 -0.020833318478160501 0.013895849003541525 -0.027249762916366112 0.013028547942946986 0.058274734642675401 0.020647038547287486
leaf_weight=34950.843986824155 3548.7547946125269 27069.013135820627 5500.5245462730527 29273.835110276937 2720.3829206675291 4187.5211249440908 39383.400519758463 22692.201579093933 439.98234286159277 3229.8469492159784 1838.0391299724579 20676.028561681509 6114.0656066983938 396.08682857453823 309.68804631382227 7334.3019856512547 875.49257032573223 22672.585371345282 5416.8816426694393 28165.360610067844 2098.9893749468029 2048.5220061279833 6443.0276133418083 12283.512020498514 1568.160005658865 13194.582465827465 657.83023721724749 1578.2015803232789 23395.995552688837 13063.788906656206
leaf_count=41799 18852 43780 93040 63092 20664 18926 52094 438352 8018 45079 19064 23352 10446 1391 4144 16987 6042 26943 16941 29843 31313 33686 43567 17983 18816 52924 4762 11622 25795 38091
internal_value=0.0307737 0.0432422 -0.0197956 0.0269221 0.000138749 0.0204315 0.0534651 -0.0388862 -0.0288685 -0.0193205 0.00583563 0.049941 0.0334634 0.000936784 -0.00450484 0.0254519 -0.0247055 0.0477639 0.0226599 0.0568351 -0.0347463 -0.0257107 -0.00461602 0.0362011 -0.00623801 0.0108098 0.00112852 0.00581388 0.0547217 0.0173808
internal_weight=343127 275259 67868.7 106014 33200.6 53213.6 169244 34668.1 11975.9 7518.39 25682.2 82732 52800.9 5459.1 2327.87 13448.4 1271.58 62056 47754.5 86512.2 9648.04 4147.51 8281.07 39352.5 4288.54 17401.2 4206.59 1887.89 58346.8 18480.7
internal_count=1277408 433505 843903 233679 223728 144483 199826 620175 181823 84559 139169 102389 89196 26359 23784 27433 7433 79037 118124 97437 158039 64999 62631 61763 39480 76538 23614 15766 67594 55032
is_linear=0
shrinkage=0.05


end of trees

feature_importances:
hour_cos=168
bikes_available=166
hour_sin=140
dow_sin=92
occupancy=69
dow_cos=40
docks_available=40
is_rush_hour=24
is_weekend=11

parameters:
[boosting: gbdt]
[objective: binary]
[metric: binary_logloss]
[tree_learner: serial]
[device_type: cpu]
[data_sample_strategy: bagging]
[data: ]
[valid: ]
[num_iterations: 500]
[learning_rate: 0.05]
[num_leaves: 31]
[num_threads: -1]
[seed: 42]
[deterministic: 0]
[force_col_wise: 0]
[force_row_wise: 0]
[histogram_pool_size: -1]
[max_depth: 6]
[min_data_in_leaf: 100]
[min_sum_hessian_in_leaf: 0.001]
[bagging_fraction: 0.8]
[pos_bagging_fraction: 1]
[neg_bagging_fraction: 1]
[bagging_freq: 5]
[bagging_seed: 400]
[bagging_by_query: 0]
[feature_fraction: 0.8]
[feature_fraction_bynode: 1]
[feature_fraction_seed: 30056]
[extra_trees: 0]
[extra_seed: 12879]
[early_stopping_round: 0]
[early_stopping_min_delta: 0]
[first_metric_only: 0]
[max_delta_step: 0]
[lambda_l1: 0.1]
[lambda_l2: 0.1]
[linear_lambda: 0]
[min_gain_to_split: 0]
[drop_rate: 0.1]
[max_drop: 50]
[skip_drop: 0.5]
[xgboost_dart_mode: 0]
[uniform_drop: 0]
[drop_seed: 17869]
[top_rate: 0.2]
[other_rate: 0.1]
[min_data_per_group: 100]
[max_cat_threshold: 32]
[cat_l2: 10]
[cat_smooth: 10]
[max_cat_to_onehot: 4]
[top_k: 20]
[monotone_constraints: ]
[monotone_constraints_method: basic]
[monotone_penalty: 0]
[feature_contri: ]
[forcedsplits_filename: ]
[refit_decay_rate: 0.9]
[cegb_tradeoff: 1]
[cegb_penalty_split: 0]
[cegb_penalty_feature_lazy: ]
[cegb_penalty_feature_coupled: ]
[path_smooth: 0]
[interaction_constraints: ]
[verbosity: -1]
[saved_feature_importance_type: 0]
[use_quantized_grad: 0]
[num_grad_quant_bins: 4]
[quant_train_renew_leaf: 0]
[stochastic_rounding: 1]
[linear_tree: 0]
[max_bin: 255]
[max_bin_by_feature: ]
[min_data_in_bin: 3]
[bin_construct_sample_cnt: 200000]
[data_random_seed: 175]
[is_enable_sparse: 1]
[enable_bundle: 1]
[use_missing: 1]
[zero_as_missing: 0]
[feature_pre_filter: 1]
[pre_partition: 0]
[two_round: 0]
[header: 0]
[label_column: ]
[weight_column: ]
[group_column: ]
[ignore_column: ]
[categorical_feature: ]
[forcedbins_filename: ]
[precise_float_parser: 0]
[parser_config_file: ]
[objective_seed: 16083]
[num_class: 1]
[is_unbalance: 1]
[scale_pos_weight: 1]
[sigmoid: 1]
[boost_from_average: 1]
[reg_sqrt: 0]
[alpha: 0.9]
[fair_c: 1]
[poisson_max_delta_step: 0.7]
[tweedie_variance_power: 1.5]
[lambdarank_truncation_level: 30]
[lambdarank_norm: 1]
[label_gain: ]
[lambdarank_position_bias_regularization: 0]
[eval_at: ]
[multi_error_top_k: 1]
[auc_mu_weights: ]
[num_machines: 1]
[local_listen_port: 12400]
[time_out: 120]
[machine_list_filename: ]
[machines: ]
[gpu_platform_id: -1]
[gpu_device_id: -1]
[gpu_use_dp: 0]
[num_gpu: 1]

end of parameters

pandas_categorical:[]
