tree
version=v4
num_class=1
num_tree_per_iteration=1
label_index=0
max_feature_idx=8
objective=binary sigmoid:1
feature_names=hour_sin hour_cos dow_sin dow_cos is_weekend is_rush_hour occupancy bikes_available docks_available
feature_infos=[-1:1] [-1:1] [-0.97492791218182362:0.97492791218182362] [-0.90096886790241903:1] [0:1] [0:1] [0:1] [0:54] [0:54]
tree_sizes=3420 3473 3486 3469 3476 3484 3481

Tree=0
num_leaves=31
num_cat=0
split_feature=8 8 8 1 1 0 8 8 8 0 8 8 8 2 0 0 2 0 6 2 0 8 8 1 0 2 2 8 6 1
split_gain=8.913e+06 262663 222214 50771.8 50419.9 41433.6 24509 22126 17402 16241.6 14649.4 12731.5 11976.7 10747.9 10429.3 6953.1 6360.93 6208.56 9303.61 6793.68 6078.06 4619.62 3924.22 3221.67 3021.74 5916.88 2756.63 2746.39 2306.3 2275.42
threshold=5.5000000000000009 2.5000000000000004 8.5000000000000018 0.25881904510252057 0.37940952255126048 -1.0000000180025095e-35 1.5000000000000002 11.500000000000002 4.5000000000000009 0.91597561503675362 3.5000000000000004 4.5000000000000009 7.5000000000000009 1.0000000180025095e-35 0.91597561503675362 -0.37940952255126059 1.0000000180025095e-35 0.91597561503675362 0.3816526610644258 1.0000000180025095e-35 0.78656609248549325 3.5000000000000004 3.5000000000000004 0.37940952255126048 0.91597561503675362 -0.60785761079279388 -1.0000000180025095e-35 7.5000000000000009 0.56635220125786179 0.25881904510252057
decision_type=2 2 2 2 2 2 2 2 2 2 2 2 2 2 2 2 2 2 2 2 2 2 2 2 2 2 2 2 2 2
left_child=1 6 4 8 12 11 -1 9 21 23 26 22 16 -11 -12 27 -2 -9 -19 -20 -18 -3 -5 -4 -14 -26 -7 -6 -15 -8
right_child=2 3 7 5 15 10 29 17 -10 13 14 -13 24 28 -16 -17 20 18 19 -21 -22 -23 -24 -25 25 -27 -28 -29 -30 -31
leaf_value=-1.9745171056001425 -2.5651298686277659 -2.1068455337757581 -2.8717068076058894 -2.1333478619916724 -2.6725181541945382 -2.3034601978646125 -2.0448347588213611 -2.9793464010701958 -2.3106988573416469 -2.8458760667537319 -2.7833228915111432 -2.4858549638853473 -2.7234287564174662 -2.6684441200952924 -2.4088982918940065 -2.9190776291554581 -2.4935998449349492 -2.9607043181499204 -2.9127489895436245 -2.6941818846629055 -2.2747331686727508 -2.19203109682313 -2.2867528976316862 -2.9496301690472291 -2.9285495938677562 -2.4362601920966593 -2.4975860943471204 -2.8699333552649708 -2.438926221855457 -2.0952392594879816
leaf_weight=38106.798306792974 1650.325979039073 3924.2096783667803 2962.6133104711771 1100.3644792288542 567.29979684948921 350.64117103815079 6211.3764922916889 37201.382920369506 1978.1008548885584 517.67049744725227 801.31183344125748 465.00382004678249 972.25355984270573 167.94795794785023 242.18035136163235 1317.4916409105062 959.9280332326889 4157.2332516908646 778.940808609128 654.08064350485802 475.11101660132408 2704.9996328502893 677.94723157584667 2401.490524828434 79.528354912996292 262.73693826794624 385.88299280405045 255.73341751098633 317.17967437207699 3583.1771550476551
leaf_count=64339 21244 16458 55338 5166 8456 2775 18757 770711 15932 9416 13626 5287 15430 2490 2400 25791 11056 84659 15155 10018 3502 15708 5152 48401 1571 2740 4473 4768 3324 14240
internal_value=-2.46615 -2.04615 -2.9226 -2.24899 -2.6488 -2.39565 -1.99266 -2.95902 -2.18045 -2.87206 -2.57582 -2.25272 -2.55197 -2.68737 -2.69638 -2.84784 -2.49812 -2.97196 -2.92283 -2.81297 -2.42109 -2.14159 -2.19179 -2.90659 -2.6784 -2.5506 -2.40509 -2.73384 -2.5183 -2.06327
internal_weight=116231 60532 55698.9 12630.6 6540.41 4023.33 47901.4 49158.5 8607.31 6366.9 1780.02 2243.32 4399.88 1002.8 1043.49 2140.52 3085.37 42791.6 5590.25 1433.02 1435.04 6629.21 1778.31 5364.1 1314.52 342.265 736.524 823.033 485.128 9794.55
internal_count=1278383 184313 1094070 86977 94558 38879 97336 999512 48098 118969 23274 15605 55543 15230 16026 39015 35802 880543 109832 25173 14558 32166 10318 103739 19741 4311 7248 13224 5814 32997
is_linear=0
shrinkage=1


Tree=1
num_leaves=31
num_cat=0
split_feature=8 8 8 1 1 0 6 0 8 8 2 0 2 7 1 0 8 2 1 0 6 8 2 1 0 7 0 2 7 0
split_gain=2.3007e+06 63022.6 39119.5 21777.5 11967.8 8303.67 10602.5 7606.19 6012.82 5688.46 5473.84 4634.07 6507.63 3449.12 2797.43 7276.46 2761.85 2619.53 4955.27 2618.42 1923.28 1607.49 1570.14 2414.96 1611.18 1519.62 1417.96 1192.64 1140.36 1067.4
threshold=7.5000000000000009 4.5000000000000009 10.500000000000002 0.60355339059327384 0.37940952255126048 0.91597561503675362 0.45889639639639646 -0.37940952255126059 2.5000000000000004 6.5000000000000009 -0.60785761079279388 0.91597561503675362 -0.60785761079279388 19.500000000000004 0.60355339059327384 0.37940952255126054 9.5000000000000018 -0.60785761079279388 1.0000000180025095e-35 0.91597561503675362 0.20881782945736438 13.500000000000002 -0.60785761079279388 1.0000000180025095e-35 0.91597561503675362 21.500000000000004 -0.37940952255126059 1.0000000180025095e-35 25.500000000000004 -1.0000000180025095e-35
decision_type=2 2 2 2 2 2 2 2 2 2 2 2 2 2 2 2 2 2 2 2 2 2 2 2 2 2 2 2 2 2
left_child=1 8 4 9 11 21 20 -5 -1 17 -8 16 -13 -12 -10 26 28 18 -3 -19 -7 -4 23 -11 -24 -14 -16 -22 -2 -9
right_child=2 3 5 7 -6 6 10 29 14 22 13 12 25 -15 15 -17 -18 19 -20 -21 27 -23 24 -25 -26 -27 -28 -29 -30 -31
leaf_value=0.39451084145377169 0.13345402467699122 0.3141688825238218 -0.017363445935344085 0.2305297650774763 0.00087412912650377975 -0.040843408629794159 -0.024919881417804022 0.11676147150792647 0.37314261561458018 0.21602246548465517 0.15033667473891277 0.0026695194293551057 0.24839177727651604 0.36258274605780799 0.37901504680566567 0.13669373927216932 0.042583678009723916 0.31991100213343582 0.10913412709613533 0.40643406877151933 -0.011694662513423548 -0.046213845846603707 0.22502842607722351 -0.025758856041235945 0.33325737127892835 0.40240958690527295 0.31085929907667542 0.064441323359513789 0.30150608022334963 0.0049662705972117844
leaf_weight=105599.21292978525 2108.840405177325 1311.7565461248159 5687.7072533071041 827.47015017271042 2232.3701474703848 2723.9994806349277 338.30628267675638 281.97015667706728 14596.153675023466 432.30493994802237 692.9772947281599 271.17468986660242 852.61631944775581 264.61966760456562 1853.2449385151267 453.91207487136126 1035.514720916748 3697.2747833244503 380.34258925169706 1148.5984971672297 1126.3536591082811 31977.797014206648 1288.456853993237 135.61200696229935 470.37557067722082 197.75661614537239 1307.0865346007049 946.39745961129665 106.05528908222914 878.90841620415449
leaf_count=97336 31450 8214 117159 8372 44298 57530 6653 4031 39221 4309 9354 5060 7832 2505 5201 5196 18553 23529 4367 4450 22795 690911 12371 2141 2521 1099 7800 16545 1228 16352
internal_value=0.271826 0.379805 -0.0157546 0.264268 0.0957738 -0.0330974 0.0210575 0.114707 0.389933 0.297812 0.147951 0.142109 0.221058 0.209025 0.363381 0.32395 0.110002 0.321713 0.268094 0.340428 -0.0132256 -0.0418575 0.230642 0.158285 0.253993 0.277429 0.350839 0.0230673 0.141516 0.0321327
internal_weight=185225 134663 50562.5 10853.1 6804.33 43758.2 6092.65 1988.35 123810 8864.72 1295.9 4571.96 1321.55 957.597 18210.4 3614.24 3250.41 6537.97 1692.1 4845.87 4796.75 37665.5 2326.75 567.917 1758.83 1050.37 3160.33 2072.75 2214.9 1160.88
internal_count=1278383 245411 1032972 90657 109520 923452 115382 28755 154754 61902 18512 65222 13991 11859 57418 18197 51231 40560 12581 27979 96870 808070 21342 6450 14892 8931 13001 39340 32678 20383
is_linear=0
shrinkage=0.05


Tree=2
num_leaves=31
num_cat=0
split_feature=6 6 6 7 7 1 6 0 7 1 0 6 0 7 1 4 0 1 6 4 4 6 1 0 7 0 6 1 0 1
split_gain=1.22846e+06 44143.2 32387.6 12029.6 11820.2 8742.3 8234.76 7095.27 4572.71 4599.35 7196.29 4426.4 4136.62 3699.69 3430.47 3091.15 2994.83 2436.09 2093.86 1960.65 1959.95 1741.54 1640.52 1515.59 1377.58 1281.36 1279.46 1170.6 1112.95 1039.69
threshold=0.65881374722838149 0.76043478260869579 0.52440476190476204 12.500000000000002 15.500000000000002 0.37940952255126048 0.85239651416122009 0.91597561503675362 17.500000000000004 0.37940952255126048 -1.0000000180025095e-35 0.37617924528301894 0.91597561503675362 8.5000000000000018 0.78656609248549303 1.0000000180025095e-35 0.98296291314453421 0.37940952255126048 0.63003220611916277 1.0000000180025095e-35 1.0000000180025095e-35 0.92637759710930456 0.60355339059327384 -0.37940952255126059 13.500000000000002 -0.25881904510252113 0.71563342318059309 0.25881904510252057 0.78656609248549325 0.60355339059327384
decision_type=2 2 2 2 2 2 2 2 2 2 2 2 2 2 2 2 2 2 2 2 2 2 2 2 2 2 2 2 2 2
left_child=2 4 11 14 22 16 8 17 -3 28 -11 -1 13 29 25 27 26 18 -5 -14 -18 -8 -2 -7 -24 -4 -6 -9 -10 -13
right_child=1 6 3 7 5 23 21 15 9 10 -12 12 19 -15 -16 -17 20 -19 -20 -21 -22 -23 24 -25 -26 -27 -28 -29 -30 -31
leaf_value=-0.040688491318262049 0.24206588297428874 0.26860501320673835 0.22791670550186627 0.015895899574642127 0.10390474796818137 0.073505102174193024 0.2694139728371176 0.22215743592985171 0.22489857952903206 0.21951615090420834 0.023240111087243914 0.099305721909657113 0.10598680513893657 -0.03201042785217699 0.014856185232444245 -0.0078007102020854818 0.3057716669659909 -0.031134556239962322 0.12015976297360956 -0.023674260082023967 -0.0042918348932142261 0.28216551156080033 0.20757618603236502 -0.031447967443434997 0.055106423107811345 0.15076383131885929 0.16601206016266221 0.10923472386347487 0.26681747620128415 -0.011073777174604546
leaf_weight=31839.817943185568 3357.2476075850427 9559.9827523902059 1115.1586590372026 2001.2682463750243 1572.9718158319592 562.70087471231818 34996.791882548481 649.13667077943683 4986.7764872834086 1407.1536364518106 699.06884671747684 776.37707789242268 1166.4857484176755 5929.7895776629448 318.61251262947917 271.95069515705109 431.59427405148745 2106.6509676538408 634.07865711674094 388.57990203797817 57.750043038278818 115179.95434930921 436.58326970413327 884.54448222741485 224.50231185555458 1043.3634976521134 1757.3513904102147 355.85452364757657 2329.8474402725697 294.02293616905808
leaf_count=705274 14195 21487 9043 38277 19405 8145 52710 5158 20812 8209 10792 11554 15089 129486 5665 5202 1602 44511 8841 7696 976 68472 3408 17726 3133 10094 14388 3586 7562 5885
internal_value=0.208606 0.269445 -0.0134456 0.0752897 0.163295 0.114014 0.275271 0.0371192 0.244234 0.219506 0.154377 -0.032109 -0.000178339 -0.016566 0.168029 0.141728 0.153665 0.00894616 0.0409879 0.0735844 0.269176 0.279194 0.227883 0.00935745 0.155822 0.190634 0.136683 0.182193 0.238251 0.0689832
internal_weight=227336 178445 48891.1 8496.07 9285.25 5266.91 169160 6018.94 18982.8 9422.85 2106.22 40395.1 8555.26 7000.19 2477.13 1276.94 3819.67 4742 2635.35 1555.07 489.344 150177 4018.33 1447.25 661.086 2158.52 3330.32 1004.99 7316.62 1070.4
internal_count=1278383 273022 1005361 130377 82978 62242 190044 105575 68862 47375 19001 874984 169710 146925 24802 13946 36371 91629 47118 22785 2578 121182 20736 25871 6541 19137 33793 8744 28374 17439
is_linear=0
shrinkage=0.05


Tree=3
num_leaves=31
num_cat=0
split_feature=6 6 6 7 7 1 0 6 2 1 0 1 0 7 6 6 0 7 1 2 0 6 0 2 7 6 7 0 0 7
split_gain=815823 36121.3 18965.4 9038.64 8988.22 7517.81 6815.6 6247.29 3284.02 2801.36 2522.17 2277.66 3341.28 3050.81 2095.63 1853.55 1821.7 1566.01 1499.17 1332.65 1289.54 1243.68 1200.01 1030.58 901.955 824.09 806.871 848.586 799.85 753.995
threshold=0.63003220611916277 0.76043478260869579 0.45889639639639646 11.500000000000002 15.500000000000002 0.37940952255126048 0.91597561503675362 0.88047619047619052 1.0000000180025095e-35 0.78656609248549303 0.98296291314453421 0.25881904510252057 -0.37940952255126059 15.500000000000002 0.5300120048019209 0.3465463108320252 0.91597561503675362 8.5000000000000018 0.78656609248549303 -0.60785761079279388 -1.0000000180025095e-35 0.71563342318059309 -0.91597561503675329 -0.60785761079279388 29.500000000000004 0.92637759710930456 18.500000000000004 0.91597561503675362 0.98296291314453421 12.500000000000002
decision_type=2 2 2 2 2 2 2 2 2 2 2 2 2 2 2 2 2 2 2 2 2 2 2 2 2 2 2 2 2 2
left_child=2 4 15 9 18 10 22 11 -8 14 21 26 24 -14 -4 -1 17 -17 -2 -12 -7 -6 -5 -18 -13 -9 -3 -28 -10 -20
right_child=1 7 3 6 5 20 8 25 28 -11 19 12 13 -15 -16 16 23 -19 29 -21 -22 -23 -24 -25 -26 -27 27 -29 -30 -31
leaf_value=-0.041137383949710837 0.18600334386107853 0.21638476183565533 0.078940972294447381 0.038957963272989539 0.083770798563072291 0.045851285360936744 0.018396914500462141 0.21515091270093079 0.12085694237584144 -0.012320721179697021 0.0099828471432273583 0.21003967945602581 0.1982030957349227 0.11678767425409733 0.16831381036625792 0.023633983708369697 -0.035641461781547611 -0.039505411589772783 0.15501176019477675 0.23362038163974719 -0.039748116914392347 0.13759176559403552 -0.022846556317196478 0.075903855171624179 -0.00021018022269386045 0.2241016766316403 0.19100061802183516 0.22585057891187468 0.21197576436120885 0.042874309921954901
leaf_weight=29047.921628184617 5105.9492003023624 11522.524650253356 1141.6891330964863 923.29648446291685 2310.8331401608884 881.25695667043328 746.26873167604208 31788.80196184665 614.24481601268053 394.74420286342502 74.429769940674305 4703.231186080724 1893.0777504295111 2937.2502665035427 1543.3194171302021 1314.5389783680439 277.5944552719593 3881.0129966959357 320.59609279036522 638.86960899084806 878.45359335467219 2006.9369346499443 5253.5885556191206 813.78762184455991 51.520812820643187 137085.70425628871 9253.7556653395295 2160.4465197771788 397.35348466038704 281.95043095201254
leaf_count=668973 21993 16124 16135 17453 27722 13854 11916 36214 5210 7615 1277 10850 4741 21987 10567 24165 5797 89289 2398 2000 18483 14388 111060 11550 607 68472 26816 4233 2505 3989
internal_value=0.172223 0.213433 -0.0179526 0.039333 0.130953 0.0920744 0.0111135 0.218552 0.0979764 0.112034 0.123187 0.19848 0.178 0.1487 0.130318 -0.0358097 -0.0111929 -0.0235293 0.177199 0.210296 0.0031171 0.108791 -0.013607 0.0475269 0.20776 0.222417 0.207037 0.197599 0.156671 0.102563
internal_weight=260245 213896 46349.4 11014.5 12499.3 6790.78 7934.75 201396 1757.87 3079.75 5031.07 32521.8 9585.08 4830.33 2685.01 35334.9 6286.93 5195.55 5708.5 713.299 1759.71 4317.77 6176.89 1091.38 4754.75 168875 22936.7 11414.2 1011.6 602.547
internal_count=1278383 296148 982235 182461 106104 77724 148144 190044 19631 34317 45387 85358 38185 26728 26702 799774 130801 113454 28380 3277 32337 42110 128513 17347 11457 104686 47173 31049 7715 6387
is_linear=0
shrinkage=0.05


Tree=4
num_leaves=31
num_cat=0
split_feature=8 8 8 1 0 0 6 0 8 2 2 2 1 1 1 6 2 3 8 8 8 2 1 1 0 1 3 6 1 8
split_gain=627211 23297.1 14998.1 7579.73 5357.72 4675.46 4645.35 4023.59 2605.46 2407.01 2108.34 2099.73 1977.27 1839.03 1590.79 1365.68 1117.82 1093.69 1066.78 941.068 900.279 894.529 1305.97 880.455 2050.33 668.238 647.423 1009.83 637.891 634.195
threshold=8.5000000000000018 4.5000000000000009 11.500000000000002 0.60355339059327384 0.91597561503675362 0.91597561503675362 0.34428879310344834 -1.0000000180025095e-35 1.5000000000000002 -0.60785761079279388 1.0000000180025095e-35 -0.60785761079279388 0.60355339059327384 0.1294095225512602 -0.60355339059327384 0.59807692307692317 -0.60785761079279388 1.0000000180025095e-35 6.5000000000000009 6.5000000000000009 3.5000000000000004 1.0000000180025095e-35 -0.60355339059327384 0.37940952255126048 0.37940952255126054 0.25881904510252057 0.81174490092936691 0.71563342318059309 0.25881904510252057 13.500000000000002
decision_type=2 2 2 2 2 2 2 2 2 2 2 2 2 2 2 2 2 2 2 2 2 2 2 2 2 2 2 2 2 2
left_child=1 8 5 10 29 12 -6 18 -1 -8 13 -7 21 17 19 -11 -15 -3 -5 -12 -10 -2 -23 -22 -25 -16 28 -28 -13 -4
right_child=2 3 4 7 6 11 9 -9 20 15 14 26 -14 16 25 -17 -18 -19 -20 -21 23 22 -24 24 -26 -27 27 -29 -30 -31
leaf_value=0.18868300401222488 0.020080443667882988 0.15427689004779394 -0.022913571659236708 0.13180821736134535 -0.027413902975854876 -0.0048891987480942792 -0.033661148617787649 -0.010657279129382028 0.17962481294166829 0.073145056419498936 0.14909345471209853 0.17644711127925783 -0.023834656047889136 0.027963506970495024 0.18487859858205477 0.19868839147163098 0.11285748475800833 0.11594906773385752 0.054123727045394102 0.087043792820521257 0.17209061120822272 0.019125776438059669 0.10756155781557955 0.15762611915645264 0.036698960098701515 0.14495857827926267 0.015559849672261259 0.33237904400117624 0.10026909687828051 -0.045177490291284178
leaf_weight=150950.11366218328 2462.1221023537219 3919.5020173490047 3602.6673258654773 1242.8945812210441 3436.5773176476359 312.55208330973983 497.80258832499385 1261.468866288662 56793.762733325362 1593.8485246375203 1942.8050067871809 844.3216755464673 1769.7523658797145 674.67037038505077 4387.8686705231667 250.73686684668064 912.55324297398329 3552.1235035471618 686.46409397572279 892.9589634463191 9484.3744363859296 765.47353897616267 918.69053569808602 2479.8629087656736 408.43403947353363 1382.5053266733885 188.01205373555422 28.945568703114986 408.73157545924187 28610.267027366906
leaf_count=64339 40229 17966 79800 8016 79083 5502 10508 22122 61869 18897 6777 4244 37516 6997 13322 1344 6035 19072 8997 6962 16794 12165 13829 7715 4037 7851 2310 75 3099 690911
internal_value=0.148009 0.180214 -0.0218393 0.129705 -0.0347349 0.0417978 0.009595 0.0587765 0.184999 0.0638927 0.142516 0.112782 0.0204073 0.125673 0.160243 0.0902229 0.0767794 0.136058 0.104175 0.12956 0.17696 0.0392923 0.0673729 0.164725 0.140529 0.175318 0.137803 0.0579852 0.151613 -0.0426877
internal_weight=286663 240972 45690.5 20855.8 37991.9 7698.6 5778.97 3190.83 220117 2342.39 17665 1782.56 5916.04 9058.85 8606.14 1844.59 1587.22 7471.63 1929.36 2835.76 69166.4 4146.29 1684.16 12372.7 2888.3 5770.37 1470.01 216.958 1253.05 32212.9
internal_count=1278383 278871 999512 124117 880543 118969 109832 39135 154754 30749 84982 15230 103739 50070 34912 20241 13032 37038 17013 13739 90415 66223 25994 28546 11752 21173 9728 2385 7343 770711
is_linear=0
shrinkage=0.05


Tree=5
num_leaves=31
num_cat=0
split_feature=8 8 8 1 1 8 1 2 8 8 8 3 2 1 1 1 7 8 2 1 3 7 1 1 1 5 7 3 7 2
split_gain=484477 18725.7 13869.5 5327.75 4711.1 2802.99 2532.68 3166.31 2010.96 1271.38 1226.21 1153.12 924.938 1085.23 1051.6 843.701 807.963 790.827 759.641 661.214 538.381 480.593 461.278 457.555 455.574 451.211 403.167 382.323 489 379.674
threshold=8.5000000000000018 4.5000000000000009 12.500000000000002 0.60355339059327384 0.37940952255126048 1.5000000000000002 -0.60355339059327384 1.0000000180025095e-35 6.5000000000000009 6.5000000000000009 15.500000000000002 -0.56174490092936669 -0.60785761079279388 -0.60355339059327384 -0.60355339059327384 0.1294095225512602 19.500000000000004 3.5000000000000004 1.0000000180025095e-35 0.37940952255126048 -0.56174490092936669 34.500000000000007 -0.78656609248549325 -0.37940952255126015 0.25881904510252057 1.0000000180025095e-35 16.500000000000004 1.0000000180025095e-35 11.500000000000002 1.0000000180025095e-35
decision_type=2 2 2 2 2 2 2 2 2 2 2 2 2 2 2 2 2 2 2 2 2 2 2 2 2 2 2 2 2 2
left_child=1 5 4 8 6 -1 -2 11 18 27 16 -8 14 -14 -10 -9 -4 25 21 23 -11 -3 -20 -18 -19 -7 -12 -5 -29 -28
right_child=2 3 10 9 -6 17 7 15 12 20 26 -13 13 -15 -16 -17 19 24 22 -21 -22 -23 -24 -25 -26 -27 29 28 -30 -31
leaf_value=0.16416232070657205 0.012343211678584732 0.12003748036179054 -0.022422734464010472 0.097253244023147833 -0.021988863659724425 0.15170484936752254 0.091652454625430119 0.13341764456783461 0.11100997131228381 0.07119233695135789 -0.04277683903523638 0.0089998203333794859 0.077268498023119997 0.12656016177336898 0.029090933576860586 0.067393178580973295 0.010720881549022059 0.14705688386994556 0.12343692310851895 -0.052242946520338035 -0.0027191008482784478 0.19086788923496265 0.15501748761991432 0.13005245083814138 0.12618370399432183 0.16063913002866259 -0.038949130982287278 0.13710872466361335 0.036541305433296443 0.015863633101019486
leaf_weight=165169.08156259358 2568.4045093283057 6124.8468174450099 6380.1318429559469 1225.760261490941 3082.9913741759956 39626.647381968796 573.60160665214062 1687.7033841125667 740.42219534516335 331.06384556367993 26399.566802382469 1596.4823072999716 1614.3987802639604 3631.2623363398015 832.48836062476039 679.32664389163256 133.38923878222704 9830.8568320721388 1533.5796470195055 124.37832168117166 961.88128394633532 249.72067005187273 4759.7179740220308 202.28241194039583 3575.4507615938783 22084.86915063858 692.98362116143107 145.67536339536309 710.3260715007782 580.33218817040324
leaf_count=64578 43619 23280 144239 10595 66451 43735 7100 14095 4923 4670 657223 26100 11772 18924 8604 6461 2596 15599 4953 2942 15833 470 11826 1883 12749 17943 15683 1072 7217 10401
internal_value=0.130553 0.156405 -0.0216333 0.113161 0.0296259 0.160519 0.0520215 0.0744811 0.123207 0.0551547 -0.0367655 0.0308523 0.101307 0.111393 0.0676608 0.114475 -0.0178076 0.152509 0.134993 0.046177 0.0162064 0.122816 0.147325 0.0826647 0.141491 0.154903 -0.0414513 0.0793405 0.0536758 -0.0139642
internal_weight=307850 263148 44701.6 22861.1 10188.5 240287 7105.52 4537.11 19486.4 3374.71 34513.1 2170.08 6818.57 5245.66 1572.91 2367.03 6840.18 75117.8 12667.9 460.05 1292.95 6374.57 6293.3 335.672 13406.3 61711.5 27672.9 2081.76 856.001 1273.32
internal_count=1277536 278743 998793 124139 163826 154604 97375 53756 84752 39387 834967 33200 44223 30696 13527 20556 151660 90026 40529 7421 20503 23750 16779 4479 28348 61678 683307 18884 8289 26084
is_linear=0
shrinkage=0.05


Tree=6
num_leaves=31
num_cat=0
split_feature=8 8 8 0 0 6 8 8 2 2 8 0 2 0 2 6 8 0 7 7 0 6 6 2 0 5 2 5 0 7
split_gain=387480 16626.7 12848.5 4584.5 3591.58 3200.66 2988.18 2472.53 1635.02 1531.28 1270.86 1133.82 1092.95 1022.42 784.178 745.094 662.662 638.528 732.698 600.353 594.674 586.124 519.831 495.811 494.971 486.849 477.249 467.345 427.286 413.65
threshold=8.5000000000000018 4.5000000000000009 12.500000000000002 0.91597561503675362 0.91597561503675362 0.33647798742138368 2.5000000000000004 6.5000000000000009 -0.60785761079279388 -0.60785761079279388 9.5000000000000018 0.91597561503675362 -0.60785761079279388 -0.60355339059327362 1.0000000180025095e-35 0.55662393162393176 1.5000000000000002 -0.60355339059327362 34.500000000000007 13.500000000000002 0.91597561503675362 0.58898944193061853 0.20881782945736438 -0.60785761079279388 -0.78656609248549303 1.0000000180025095e-35 1.0000000180025095e-35 1.0000000180025095e-35 -0.5 30.500000000000004
decision_type=2 2 2 2 2 2 2 2 2 2 2 2 2 2 2 2 2 2 2 2 2 2 2 2 2 2 2 2 2 2
left_child=1 6 3 10 -4 22 16 17 -5 -7 13 19 -13 14 -2 -11 -1 -3 20 23 -19 -10 -6 -9 26 -21 -12 28 -8 -26
right_child=2 7 4 8 5 9 27 11 21 15 24 12 -14 -15 -16 -17 -18 18 -20 25 -22 -23 -24 -25 29 -27 -28 -29 -30 -31
leaf_value=0.14623781213447845 0.037792410516143744 0.12517304243317448 -0.043177164897346069 -0.0054017773788680541 -0.042086714610577718 -0.035935847646077157 0.13511922542300903 0.050261168468268586 0.072856903253738378 0.056541953571369111 -0.0047250859888158595 0.014348005729659203 0.12478252359665581 0.012584125907961395 0.13177868713118632 0.14229559977995612 0.13928555846573232 0.093428328555091075 0.16597647505096302 0.044334486765419859 0.12014642235019009 0.12556919054633289 0.0027717737531988713 0.10293757188252479 -0.015497028216273967 0.079088647916644064 0.051268202290667003 0.13694748142624252 0.12081095943779163 0.093178646505906071
leaf_weight=175837.84988114238 472.28500773012638 5447.5115341693163 28210.456855807453 415.58787102997303 2248.2228938043118 399.88488418608904 7720.8989913016558 611.0816664993763 926.58972302824259 1289.5942765809596 858.75987709313631 256.67109448090196 1769.4298628047109 1310.7366316467524 419.10254791751504 315.3854142203927 42687.270317554474 7120.4299998283386 457.59524672478437 2742.7132365293801 2949.1392754539847 1227.7430674135685 905.79317796230316 1668.2421291358769 4026.8203686885536 1594.6351647488773 683.05987046658993 13968.791001692414 16225.806842163205 89.396735224872828
leaf_count=64578 6562 16781 730948 7617 56774 8969 9684 6002 8176 15804 15919 2921 5187 21446 4291 1723 32940 34818 741 27205 7073 5241 20749 13078 83041 10333 10427 15763 31639 1106
internal_value=0.117306 0.138863 -0.0210222 0.0274161 -0.0361624 0.00219552 0.142631 0.0996109 0.0853882 0.051592 0.00846032 0.0780639 0.110796 0.0406863 0.0819973 0.0734038 0.14488 0.111268 0.10407 0.0680385 0.101255 0.102904 -0.0292027 0.0888202 -0.00408172 0.0571146 0.0200796 0.129671 0.125425 -0.0131334
internal_weight=324857 281058 43799.4 10430.1 33369.3 5158.88 256441 24617.4 2569.92 2004.86 7860.16 8642.77 2026.1 2202.12 891.388 1604.98 218525 15974.7 10527.2 6616.67 10069.6 2154.33 3154.02 2279.32 5658.04 4337.35 1541.82 37915.5 23946.7 4116.22
internal_count=1277536 278743 998793 163826 834967 104019 154604 124139 21034 26496 142792 64726 8108 32299 10853 17527 97518 59413 42632 56618 41891 13417 77523 19080 110493 37538 26346 57086 41323 84147
is_linear=0
shrinkage=0.05


end of trees

feature_importances:
hour_sin=42
docks_available=42
hour_cos=38
dow_sin=28
occupancy=27
bikes_available=22
dow_cos=5
is_weekend=3
is_rush_hour=3

parameters:
[boosting: gbdt]
[objective: binary]
[metric: binary_logloss]
[tree_learner: serial]
[device_type: cpu]
[data_sample_strategy: bagging]
[data: ]
[valid: ]
[num_iterations: 500]
[learning_rate: 0.05]
[num_leaves: 31]
[num_threads: -1]
[seed: 42]
[deterministic: 0]
[force_col_wise: 0]
[force_row_wise: 0]
[histogram_pool_size: -1]
[max_depth: 6]
[min_data_in_leaf: 100]
[min_sum_hessian_in_leaf: 0.001]
[bagging_fraction: 0.8]
[pos_bagging_fraction: 1]
[neg_bagging_fraction: 1]
[bagging_freq: 5]
[bagging_seed: 400]
[bagging_by_query: 0]
[feature_fraction: 0.8]
[feature_fraction_bynode: 1]
[feature_fraction_seed: 30056]
[extra_trees: 0]
[extra_seed: 12879]
[early_stopping_round: 0]
[early_stopping_min_delta: 0]
[first_metric_only: 0]
[max_delta_step: 0]
[lambda_l1: 0.1]
[lambda_l2: 0.1]
[linear_lambda: 0]
[min_gain_to_split: 0]
[drop_rate: 0.1]
[max_drop: 50]
[skip_drop: 0.5]
[xgboost_dart_mode: 0]
[uniform_drop: 0]
[drop_seed: 17869]
[top_rate: 0.2]
[other_rate: 0.1]
[min_data_per_group: 100]
[max_cat_threshold: 32]
[cat_l2: 10]
[cat_smooth: 10]
[max_cat_to_onehot: 4]
[top_k: 20]
[monotone_constraints: ]
[monotone_constraints_method: basic]
[monotone_penalty: 0]
[feature_contri: ]
[forcedsplits_filename: ]
[refit_decay_rate: 0.9]
[cegb_tradeoff: 1]
[cegb_penalty_split: 0]
[cegb_penalty_feature_lazy: ]
[cegb_penalty_feature_coupled: ]
[path_smooth: 0]
[interaction_constraints: ]
[verbosity: -1]
[saved_feature_importance_type: 0]
[use_quantized_grad: 0]
[num_grad_quant_bins: 4]
[quant_train_renew_leaf: 0]
[stochastic_rounding: 1]
[linear_tree: 0]
[max_bin: 255]
[max_bin_by_feature: ]
[min_data_in_bin: 3]
[bin_construct_sample_cnt: 200000]
[data_random_seed: 175]
[is_enable_sparse: 1]
[enable_bundle: 1]
[use_missing: 1]
[zero_as_missing: 0]
[feature_pre_filter: 1]
[pre_partition: 0]
[two_round: 0]
[header: 0]
[label_column: ]
[weight_column: ]
[group_column: ]
[ignore_column: ]
[categorical_feature: ]
[forcedbins_filename: ]
[precise_float_parser: 0]
[parser_config_file: ]
[objective_seed: 16083]
[num_class: 1]
[is_unbalance: 1]
[scale_pos_weight: 1]
[sigmoid: 1]
[boost_from_average: 1]
[reg_sqrt: 0]
[alpha: 0.9]
[fair_c: 1]
[poisson_max_delta_step: 0.7]
[tweedie_variance_power: 1.5]
[lambdarank_truncation_level: 30]
[lambdarank_norm: 1]
[label_gain: ]
[lambdarank_position_bias_regularization: 0]
[eval_at: ]
[multi_error_top_k: 1]
[auc_mu_weights: ]
[num_machines: 1]
[local_listen_port: 12400]
[time_out: 120]
[machine_list_filename: ]
[machines: ]
[gpu_platform_id: -1]
[gpu_device_id: -1]
[gpu_use_dp: 0]
[num_gpu: 1]

end of parameters

pandas_categorical:[]
